procs -----------memory---------- ---swap-- -----io---- -system-- ------cpu----- -----timestamp-----
 r  b   swpd   free   buff  cache   si   so    bi    bo   in   cs us sy id wa st                 UTC
 1  1      0 7043484  43012 709896    0    0   356   254   32  205  1  1 95  2  0 2021-12-09 08:15:49
 0  0      0 7036832  43020 721856    0    0 11860    60  452 3175  8  7 60 26  0 2021-12-09 08:15:50
 0  1      0 7047508  43076 727056    0    0  5388  1644  310 2121  2  3 32 63  0 2021-12-09 08:15:51
 0  1      0 7025832  43516 734996    0    0  8280  1328  473 2705  8  4 55 33  0 2021-12-09 08:15:52
 0  1      0 7007604  43732 742464    0    0  7400   576  942 6680 14 11 48 28  0 2021-12-09 08:15:53
 0  1      0 7007880  44152 748780    0    0  6776  1312  463 3046  6  4 40 51  0 2021-12-09 08:15:54
 0  3      0 6996888  44252 748784    0    0    44  1376  961 4561 26  9 42 23  0 2021-12-09 08:15:55
 1  2      0 6984340  44452 752428    0    0  3188  2468  514 5694 15 15 27 42  0 2021-12-09 08:15:56
 1  3      0 6852276  44576 754124    0    0  1380   980 1325 16728 48 34 10  8  0 2021-12-09 08:15:57
 1  1      0 6926744  44952 771892    0    0 17380   688 1029 9108 27  7  6 60  0 2021-12-09 08:15:58
 0  0      0 6924688  45348 772752    0    0   632  2548  870 8741 34  5 45 16  0 2021-12-09 08:15:59
 1  0      0 6915340  45440 774168    0    0  1340   428  677 5070 28  3 64  6  0 2021-12-09 08:16:00
 3  0      0 6911612  45856 774824    0    0   556  1064 1181 8985 39  4 46 11  0 2021-12-09 08:16:01
 1  0      0 6914392  46024 775072    0    0    96   760 1003 7959 42  7 45  6  0 2021-12-09 08:16:02
 1  1      0 6915784  46272 775308    0    0     0  1156 1002 8033 38  7 47  8  0 2021-12-09 08:16:03
 0  1      0 6914684  46472 780652    0    0  5132   756  948 6288 24  7 51 18  0 2021-12-09 08:16:04
 0  1      0 6880828  46496 787576    0    0  6916    64  414 2457 26  4 55 15  0 2021-12-09 08:16:05
 0  3      0 6879452  46696 787912    0    0   180  2972  292 2011  6  1 14 79  0 2021-12-09 08:16:06
 0  2      0 6878844  47388 788484    0    0   492  2992  236 2730  3  4 20 72  0 2021-12-09 08:16:07
 5  1      0 6804352  47596 791024    0    0  2084  2304  920 9213 21 17 24 38  0 2021-12-09 08:16:08
 0  3      0 6785464  48048 797780    0    0  6380   688 1389 15038 47 30  7 15  0 2021-12-09 08:16:09
procs -----------memory---------- ---swap-- -----io---- -system-- ------cpu----- -----timestamp-----
 r  b   swpd   free   buff  cache   si   so    bi    bo   in   cs us sy id wa st                 UTC
 2  5      0 6813344  48360 803656    0    0  5924  2520  398 2781  4  3  1 93  0 2021-12-09 08:16:10
 0  5      0 6795352  49780 815220    0    0 10084  2572  668 4227  5  5  2 88  0 2021-12-09 08:16:11
 0  3      0 6753140  50568 830512    0    0 11700  1688 1543 10298 16 20  3 61  0 2021-12-09 08:16:12
 9  0      0 6549396  50944 833352    0    0  2776   560  446 12269 57 29  1 14  0 2021-12-09 08:16:13
 1  7      0 6672856  51028 837068    0    0  3344  1720  685 11668 64 35  0  2  0 2021-12-09 08:16:14
 0  5      0 6652240  51220 847668    0    0 10160  1624 1326 9880 22 10  5 63  0 2021-12-09 08:16:15
 5  2      0 6599200  51344 868132    0    0 19580   736 2679 20090 59 20  1 20  0 2021-12-09 08:16:16
 0  2      0 6600288  52008 871296    0    0  2100  1728 4347 28187 56 16  7 21  0 2021-12-09 08:16:17
 4  0      0 6585040  52112 877548    0    0  5208   408 5364 28120 39 16 21 25  0 2021-12-09 08:16:18
 2  2      0 6571844  52264 880888    0    0  1340   660 8380 47929 51 22 17 10  0 2021-12-09 08:16:19
 0  0      0 6550136  52728 884080    0    0  2416  1612 2904 16579 24 10 46 21  0 2021-12-09 08:16:20
 0  0      0 6559272  52728 884088    0    0     0     4  544 3823  3  1 96  0  0 2021-12-09 08:16:21
 0  0      0 6559320  52728 884120    0    0     0     0  419 2690  1  1 99  0  0 2021-12-09 08:16:22
 0  0      0 6559320  52728 884120    0    0     0     4  219 2314  1  1 99  0  0 2021-12-09 08:16:23
 0  1      0 6549180  52904 884804    0    0   484   660 1764 10684 13  6 74  6  0 2021-12-09 08:16:24
 0  0      0 6549984  53128 885312    0    0   188   824 2098 9304  8  5 79  8  0 2021-12-09 08:16:25
 0  0      0 6549984  53128 885316    0    0     0     0  421 2598  0  1 99  0  0 2021-12-09 08:16:26
 2  0      0 6548200  53528 886140    0    0   908     0  584 4105  5  2 86  7  0 2021-12-09 08:16:27
 2  0      0 6516492  53860 886444    0    0    32  1248 3015 14959 21  9 58 12  0 2021-12-09 08:16:28
 1  0      0 6500400  53908 899712    0    0 13172    56  858 5562 14  5 52 29  0 2021-12-09 08:16:29
 0  0      0 6506360  54240 901052    0    0   612  2232 2051 17781 42 20 24 15  0 2021-12-09 08:16:30
procs -----------memory---------- ---swap-- -----io---- -system-- ------cpu----- -----timestamp-----
 r  b   swpd   free   buff  cache   si   so    bi    bo   in   cs us sy id wa st                 UTC
 1  0      0 6506360  54240 901052    0    0     0     0  455 2924  1  1 98  0  0 2021-12-09 08:16:31
 0  0      0 6504312  54240 901052    0    0     0     0  518 3097  0  1 99  0  0 2021-12-09 08:16:32
 0  0      0 6504312  54240 901052    0    0     0     0  488 3126  1  1 98  0  0 2021-12-09 08:16:33
 0  0      0 6504312  54240 901052    0    0     0     0  423 2628  1  1 98  0  0 2021-12-09 08:16:34
 0  0      0 6504312  54240 901052    0    0     0     4  484 3249  2  2 97  0  0 2021-12-09 08:16:35
 0  0      0 6504312  54240 901052    0    0     0     0  502 3016  0  1 99  0  0 2021-12-09 08:16:36
 0  0      0 6504312  54240 901052    0    0     0     0  476 2887  1  1 99  0  0 2021-12-09 08:16:37
 1  0      0 6504312  54240 901052    0    0     0     0  443 2946  5  1 94  0  0 2021-12-09 08:16:38
 0  0      0 6504312  54240 901052    0    0     0     0  495 3130  1  1 98  0  0 2021-12-09 08:16:39
 0  0      0 6504312  54240 901052    0    0     0     0  491 3052  1  1 98  0  0 2021-12-09 08:16:40
 0  0      0 6504312  54240 901052    0    0     0    96  453 3396  2  2 97  0  0 2021-12-09 08:16:41
 0  0      0 6504312  54240 901052    0    0     0     0  444 2736  1  1 98  0  0 2021-12-09 08:16:42
 1  0      0 6503556  54240 901052    0    0     0     0  471 3116  0  2 98  0  0 2021-12-09 08:16:43
 0  0      0 6503556  54240 901052    0    0     0     0  464 2921  2  2 97  0  0 2021-12-09 08:16:44
 1  0      0 6503556  54240 901052    0    0     0     0  494 3040  1  0 99  0  0 2021-12-09 08:16:45
 0  0      0 6502832  54240 901052    0    0     0   972  465 2770  1  1 83 15  0 2021-12-09 08:16:46
 0  0      0 6502832  54240 901060    0    0     0     4  467 2983  1  2 97  0  0 2021-12-09 08:16:47
 0  0      0 6502832  54240 901060    0    0     0     0  198 2702  5  0 95  0  0 2021-12-09 08:16:48
 0  0      0 6502832  54240 901060    0    0     0     0  190 2433  1  2 97  0  0 2021-12-09 08:16:49
 0  0      0 6502076  54240 901056    0    0     0     0  219 2421  1  2 98  0  0 2021-12-09 08:16:50
 0  0      0 6502076  54240 901056    0    0     0   184  192 2328  0  1 99  0  0 2021-12-09 08:16:51
procs -----------memory---------- ---swap-- -----io---- -system-- ------cpu----- -----timestamp-----
 r  b   swpd   free   buff  cache   si   so    bi    bo   in   cs us sy id wa st                 UTC
 1  0      0 6501036  54240 901056    0    0     0     0  200 2506  1  2 97  0  0 2021-12-09 08:16:52
 0  0      0 6501036  54240 901056    0    0     0     4  183 2883  1  1 98  0  0 2021-12-09 08:16:53
 0  0      0 6501036  54240 901056    0    0     0     0  125 2366  1  1 98  0  0 2021-12-09 08:16:54
 0  0      0 6501036  54240 901056    0    0     0     0  154 2420  2  2 97  0  0 2021-12-09 08:16:55
 3  0      0 6464816  54240 901064    0    0    16    24  292 3145 22  5 74  0  0 2021-12-09 08:16:56
 4  1      0 6440040  54424 902272    0    0   704  1960 1980 12290 24 15 36 25  0 2021-12-09 08:16:57
 0  0      0 6470560  54620 902664    0    0   280  1164  756 7119 25  5 61 10  0 2021-12-09 08:16:58
 0  0      0 6470544  54620 902728    0    0     0     4  254 2625  1  1 99  0  0 2021-12-09 08:16:59
 0  0      0 6470544  54620 902728    0    0     0     0  312 2756  1  1 98  0  0 2021-12-09 08:17:00
 0  0      0 6471560  54624 902728    0    0     4     8  252 2720  1  1 98  0  0 2021-12-09 08:17:01
 0  0      0 6471560  54624 902732    0    0     0     0  145 2174  1  1 98  0  0 2021-12-09 08:17:02
 0  0      0 6471560  54624 902732    0    0     0     0  176 2525  1  1 98  0  0 2021-12-09 08:17:03
 0  0      0 6471560  54624 902732    0    0     0     0  165 2529  1  0 99  0  0 2021-12-09 08:17:04
 0  0      0 6471560  54624 902732    0    0     0     4  236 2514  1  0 99  0  0 2021-12-09 08:17:05
 0  0      0 6471560  54624 902732    0    0     0     0  119 2205  1  1 98  0  0 2021-12-09 08:17:06
 0  0      0 6471560  54624 902732    0    0     0     0  150 2447  1  0 99  0  0 2021-12-09 08:17:07
 1  0      0 6464668  54728 902812    0    0     0   524  992 7899 39  3 52  6  0 2021-12-09 08:17:08
 1  0      0 6460512  54972 903040    0    0   104   984 1258 9923 39  8 46  7  0 2021-12-09 08:17:09
 1  1      0 6440160  55024 903224    0    0     0  1912  446 4346 20  4 37 40  0 2021-12-09 08:17:10
 3  1      0 6412644  55232 905804    0    0   796  1672 1933 12220 27 15 38 20  0 2021-12-09 08:17:11
 7  0      0 6380476  55468 906132    0    0     0  2588  501 8616 37 19  5 40  0 2021-12-09 08:17:12
procs -----------memory---------- ---swap-- -----io---- -system-- ------cpu----- -----timestamp-----
 r  b   swpd   free   buff  cache   si   so    bi    bo   in   cs us sy id wa st                 UTC
 8  0      0 6340716  55576 906796    0    0   128   756 2861 22954 65 27  7  2  0 2021-12-09 08:17:13
11  1      0 6321280  55940 908476    0    0   568  1892 5509 36291 64 24  5  7  0 2021-12-09 08:17:14
 0  0      0 6316644  56340 909804    0    0    80  1688 8677 32192 37 20 29 13  0 2021-12-09 08:17:15
 0  0      0 6316392  56340 909804    0    0     0     0  578 4198  1  1 98  0  0 2021-12-09 08:17:16
 0  0      0 6316424  56340 909796    0    0     0     4  674 4536  1  2 97  0  0 2021-12-09 08:17:17
 4  1      0 6304688  56764 910200    0    0     0  1672 2792 15930 30  7 46 16  0 2021-12-09 08:17:18
 0  0      0 6300568  57116 910840    0    0     0  1876 1491 13231 31  8 53  7  0 2021-12-09 08:17:19
 0  0      0 6295464  57148 910884    0    0     0   100 1546 7411  7  3 88  3  0 2021-12-09 08:17:20
 0  0      0 6295464  57148 910884    0    0     0     0  687 4889  2  1 97  0  0 2021-12-09 08:17:21
 0  0      0 6295464  57148 910884    0    0     0     0  343 3504  1  1 98  0  0 2021-12-09 08:17:22
