procs -----------memory---------- ---swap-- -----io---- -system-- ------cpu----- -----timestamp-----
 r  b   swpd   free   buff  cache   si   so    bi    bo   in   cs us sy id wa st                 UTC
 2  0      0 5734980 117476 1329928    0    0    30    56   65  484  1  1 97  1  0 2021-12-08 19:44:05
 0  0      0 5734712 117476 1329924    0    0     0     0  416 3557  2  1 97  0  0 2021-12-08 19:44:06
 0  0      0 5734712 117476 1329924    0    0     0     0  399 3618  2  2 96  0  0 2021-12-08 19:44:07
 0  0      0 5734712 117476 1329924    0    0     0     0  438 3826  2  1 97  0  0 2021-12-08 19:44:08
 0  0      0 5734172 117476 1329924    0    0     0     0  631 4142  3  2 96  0  0 2021-12-08 19:44:09
 0  0      0 5734208 117476 1329924    0    0     0     4  529 3895  3  1 97  0  0 2021-12-08 19:44:10
 1  0      0 5734208 117476 1329924    0    0     0     0  640 3965  1  1 98  0  0 2021-12-08 19:44:11
 0  0      0 5734208 117476 1329924    0    0     0     0  466 3727  3  1 96  0  0 2021-12-08 19:44:12
 0  0      0 5734440 117476 1329924    0    0     0     0  611 4575  4  1 95  0  0 2021-12-08 19:44:13
 0  0      0 5734460 117476 1329924    0    0     0     0  396 3690  3  1 97  0  0 2021-12-08 19:44:14
 0  0      0 5734460 117476 1329924    0    0     0     0  444 3779  2  2 96  0  0 2021-12-08 19:44:15
 0  0      0 5734460 117476 1329924    0    0     0     4  436 3743  1  1 98  0  0 2021-12-08 19:44:16
 0  0      0 5714660 117476 1329924    0    0     0     0  667 5042  5  3 92  0  0 2021-12-08 19:44:17
 0  0      0 5714660 117476 1329928    0    0     0     0  640 4650  2  3 95  0  0 2021-12-08 19:44:18
 0  0      0 5714408 117476 1329928    0    0     0     0  525 4392  3  1 96  0  0 2021-12-08 19:44:19
 0  0      0 5714156 117476 1329928    0    0     0     0  665 4479  2  2 96  0  0 2021-12-08 19:44:20
 2  0      0 5696616 117484 1330120    0    0   316     0 1166 8542 41 16 40  3  0 2021-12-08 19:44:21
 1  0      0 5695496 117484 1330516    0    0   256   888  972 9403 59 12 23  7  0 2021-12-08 19:44:22
 0  2      0 5656532 117484 1335048    0    0     0 19560 1531 9010 30  6 38 25  0 2021-12-08 19:44:23
 3  0      0 5614864 117492 1340960    0    0     0  1312 1660 11080 12  8 37 43  0 2021-12-08 19:44:24
 0  1      0 5638036 117500 1351336    0    0   232 16228 1853 12493 12 11 35 42  0 2021-12-08 19:44:25
procs -----------memory---------- ---swap-- -----io---- -system-- ------cpu----- -----timestamp-----
 r  b   swpd   free   buff  cache   si   so    bi    bo   in   cs us sy id wa st                 UTC
 6  0      0 5569252 117612 1355568    0    0     0  1420 1667 14052 64 23 13  0  0 2021-12-08 19:44:26
 3  0      0 5523100 117648 1357484    0    0     0     0  826 16165 83 15  2  0  0 2021-12-08 19:44:27
 4  0      0 5588452 117652 1363524    0    0     0   276  338 6718 93  7  1  0  0 2021-12-08 19:44:28
 4  0      0 5568408 117740 1372284    0    0    12     0  627 12762 84 12  4  0  0 2021-12-08 19:44:29
 3  0      0 5576764 117804 1376128    0    0     0     0  575 10881 87 10  4  0  0 2021-12-08 19:44:30
 5  0      0 5495660 117852 1378048    0    0     0     0  408 8161 90  9  2  0  0 2021-12-08 19:44:31
 3  0      0 5555268 117864 1384184    0    0     0     0  291 6085 93  7  0  0  0 2021-12-08 19:44:32
 2  0      0 5508316 117896 1387168    0    0     0     0  381 8734 92  8  0  0  0 2021-12-08 19:44:33
 6  0      0 5517420 117924 1391596    0    0     0     4  232 6863 94  6  0  0  0 2021-12-08 19:44:34
 4  0      0 5479976 117932 1395292    0    0     0     0  196 6054 94  7  0  0  0 2021-12-08 19:44:35
 4  0      0 5525184 117984 1404792    0    0     0     0  347 10253 92  9  0  0  0 2021-12-08 19:44:36
 2  0      0 5430056 118028 1408752    0    0     0     0 1063 8680 70  9 21  0  0 2021-12-08 19:44:37
 3  0      0 5326892 118048 1431532    0    0     0 24108  890 6505 32  6 38 24  0 2021-12-08 19:44:38
 1  0      0 5252640 118048 1456920    0    0     0 20456  541 5087 27  8 41 24  0 2021-12-08 19:44:39
 2  1      0 5583068 118048 1399488    0    0     0   328  461 7386 45  8 45  3  0 2021-12-08 19:44:40
 1  1      0 5586460 118056 1395708    0    0     0 43656 1020 5622  3  4 57 37  0 2021-12-08 19:44:41
 3  0      0 5557312 118060 1395700    0    0     0   592 1039 7362 10  5 45 40  0 2021-12-08 19:44:42
 2  0      0 5585508 118068 1341084    0    0     0   780 2844 25499 38 15 25 22  0 2021-12-08 19:44:43
 3  0      0 5584740 118072 1369432    0    0     0     0 3586 40595 54 20 26  0  0 2021-12-08 19:44:44
 0  2      0 5563960 118080 1385468    0    0     0 47272 1889 9307 14  7  6 74  0 2021-12-08 19:44:45
 0  1      0 5564308 118088 1385476    0    0     0   860  728 5384  3  1  2 95  0 2021-12-08 19:44:46
procs -----------memory---------- ---swap-- -----io---- -system-- ------cpu----- -----timestamp-----
 r  b   swpd   free   buff  cache   si   so    bi    bo   in   cs us sy id wa st                 UTC
 1  1      0 5575860 118156 1370236    0    0     0  2328 1084 7830 13  7 41 40  0 2021-12-08 19:44:47
 1  2      0 5575592 118228 1370272    0    0     0  2968 1205 8513 11  9 39 41  0 2021-12-08 19:44:48
 1  0      0 5590112 118280 1352392    0    0     0  1560 1573 8359 17  5 35 43  0 2021-12-08 19:44:49
 3  0      0 5558880 118312 1370012    0    0     0  5392 3050 19090 27 14 35 24  0 2021-12-08 19:44:50
 2  0      0 5538848 118324 1369864    0    0     0 14500 1049 7739  5 10 46 39  0 2021-12-08 19:44:51
 4  0      0 5482112 118332 1374068    0    0     0  1368 2272 11754 64 21 13  2  0 2021-12-08 19:44:52
 3  0      0 5439200 118332 1376012    0    0     0     0  487 16258 86 14  1  0  0 2021-12-08 19:44:53
 3  0      0 5515044 118332 1384628    0    0     0   272  394 7759 90  9  2  0  0 2021-12-08 19:44:54
 3  0      0 5495448 118332 1391196    0    0     0     0  604 13382 86 11  3  0  0 2021-12-08 19:44:55
 6  0      0 5495980 118332 1395280    0    0     0     0  476 10917 88 10  2  0  0 2021-12-08 19:44:56
 6  0      0 5414964 118332 1396400    0    0     0     0  277 6664 95  5  1  0  0 2021-12-08 19:44:57
 5  0      0 5458788 118332 1402696    0    0     0     4  305 6099 94  6  1  0  0 2021-12-08 19:44:58
 4  0      0 5457416 118332 1407244    0    0     0     0  404 9082 91  9  0  0  0 2021-12-08 19:44:59
 5  0      0 5418356 118332 1410176    0    0     0     0  469 7817 91  9  0  0  0 2021-12-08 19:45:00
 5  0      0 5442524 118332 1417112    0    0     0     0  284 6261 93  7  1  0  0 2021-12-08 19:45:01
 2  0      0 5476696 118348 1425412    0    0     0     0  560 10563 88  7  5  0  0 2021-12-08 19:45:02
 1  0      0 5323408 118372 1427092    0    0     0     0  662 7099 66 10 24  0  0 2021-12-08 19:45:03
 1  1      0 5248712 118376 1449916    0    0     0 44552  876 6194 29  7 39 26  0 2021-12-08 19:45:04
 1  0      0 5169820 118376 1476676    0    0     0    16  675 5777 27  9 46 18  0 2021-12-08 19:45:05
 0  0      0 5513056 118376 1414032    0    0     0 10608  737 7168 34  8 54  5  0 2021-12-08 19:45:06
 1  1      0 5514432 118376 1414036    0    0     0 33504 1039 5951  2  4 42 52  0 2021-12-08 19:45:07
procs -----------memory---------- ---swap-- -----io---- -system-- ------cpu----- -----timestamp-----
 r  b   swpd   free   buff  cache   si   so    bi    bo   in   cs us sy id wa st                 UTC
 1  3      0 5479892 118396 1414008    0    0     0  1068 1696 11778  9  8 41 42  0 2021-12-08 19:45:08
 1  0      0 5505988 118404 1361848    0    0     0   268 2306 28420 50 12 28 10  0 2021-12-08 19:45:09
 0  3      0 5490036 118408 1403740    0    0     0 47156 4477 35783 49 22 27  2  0 2021-12-08 19:45:10
 0  1      0 5490960 118412 1403788    0    0     0   140  764 5357  3  1 23 73  0 2021-12-08 19:45:11
 1  2      0 5491072 118436 1403808    0    0     0  1588  736 5951  4  3 48 45  0 2021-12-08 19:45:12
 0  1      0 5506224 118468 1388640    0    0     0  2008  917 7304 12  8 30 51  0 2021-12-08 19:45:13
 1  0      0 5507600 118552 1386876    0    0     0  2308  838 6529  5  7 41 48  0 2021-12-08 19:45:14
 2  0      0 5517364 118604 1370920    0    0     0  2156  868 7346 15  5 34 46  0 2021-12-08 19:45:15
 0  0      0 5531416 118648 1371056    0    0     0  1120 2708 13143 20  5 66  9  0 2021-12-08 19:45:16
 0  0      0 5531416 118648 1371060    0    0     0     0  667 5015  2  1 97  0  0 2021-12-08 19:45:17
 5  1      0 5534788 118748 1371280    0    0     0  1904 2812 19125 21  8 61 11  0 2021-12-08 19:45:18
 0  0      0 5534536 118764 1371308    0    0     0   208 2925 15034  6  5 87  3  0 2021-12-08 19:45:19
 0  0      0 5534536 118764 1371308    0    0     0     0  880 5864  4  2 95  0  0 2021-12-08 19:45:20
 0  1      0 5526012 118788 1371304    0    0     0   516 1856 10322 11  3 81  5  0 2021-12-08 19:45:21
 2  0      0 5534220 118796 1371396    0    0     0   184  807 5843  7  2 90  2  0 2021-12-08 19:45:22
 1  0      0 5534220 118796 1371396    0    0     0     0  503 4449  3  2 95  0  0 2021-12-08 19:45:23
 3  0      0 5534212 118796 1371400    0    0     0     0  594 4792  2  2 96  0  0 2021-12-08 19:45:24
 1  0      0 5525112 118856 1371528    0    0     0  1048 3054 14935 18  6 66 11  0 2021-12-08 19:45:25
 0  0      0 5524860 118856 1371528    0    0     0     0 1183 7989  3  7 91  0  0 2021-12-08 19:45:26
 0  0      0 5533036 118944 1371628    0    0     0  1232 1720 11679 12  7 73  8  0 2021-12-08 19:45:27
 0  0      0 5532832 118944 1371672    0    0     0     4  842 5502  4  2 94  0  0 2021-12-08 19:45:28
procs -----------memory---------- ---swap-- -----io---- -system-- ------cpu----- -----timestamp-----
 r  b   swpd   free   buff  cache   si   so    bi    bo   in   cs us sy id wa st                 UTC
 1  0      0 5533840 118944 1371672    0    0     0     0  744 5701  5  2 94  0  0 2021-12-08 19:45:29
 0  0      0 5533968 118944 1371676    0    0     0     4  950 6115  7  3 90  0  0 2021-12-08 19:45:30
 0  0      0 5534280 118944 1371676    0    0     0     0  908 5651  1  2 97  0  0 2021-12-08 19:45:31
 0  0      0 5534280 118944 1371676    0    0     0     0  778 5140  5  2 93  0  0 2021-12-08 19:45:32
 2  0      0 5524008 118944 1371680    0    0     0     4 1183 6765  9  3 88  0  0 2021-12-08 19:45:33
 1  0      0 5523912 118944 1371684    0    0     0     4 1081 6813  8  3 90  0  0 2021-12-08 19:45:34
 0  0      0 5523660 118944 1371684    0    0     0     0  574 4252  2  3 95  0  0 2021-12-08 19:45:35
 8  1      0 5490252 119004 1371860    0    0     0  2988 1120 11361 36  8 22 33  0 2021-12-08 19:45:36
 5  0      0 5416816 119032 1372420    0    0   264  2056 1641 16126 33 19 13 35  0 2021-12-08 19:45:37
 0  0      0 5508812 119032 1372548    0    0     0   348 1733 14132 21 13 64  2  0 2021-12-08 19:45:38
 0  0      0 5509332 119032 1372548    0    0     0     0  893 5730  5  1 94  0  0 2021-12-08 19:45:39
 0  0      0 5508496 119032 1372684    0    0     0     8 1050 6465  7  3 90  0  0 2021-12-08 19:45:40
 0  0      0 5508496 119032 1372684    0    0     0     0  652 4796  3  2 95  0  0 2021-12-08 19:45:41
 0  0      0 5509056 119032 1372684    0    0     0     8  709 5291  5  2 93  1  0 2021-12-08 19:45:42
 0  0      0 5510276 119032 1372688    0    0     0     4  941 6420  9  4 88  0  0 2021-12-08 19:45:43
 0  0      0 5532768 119032 1372688    0    0     0     0  769 5521  4  2 94  0  0 2021-12-08 19:45:44
 1  0      0 5533636 119032 1372692    0    0     0     0  477 3892  2  2 97  0  0 2021-12-08 19:45:45
 4  0      0 5534108 119032 1372692    0    0     0     4  463 3891  2  1 97  0  0 2021-12-08 19:45:46
 1  0      0 5534416 119032 1372692    0    0     0     0  489 3694  2  1 97  0  0 2021-12-08 19:45:47
 0  0      0 5534416 119032 1372692    0    0     0     0  531 4113  2  2 96  0  0 2021-12-08 19:45:48
