Linux 5.11.0-1022-azure (MsVM9) 	12/09/21 	_x86_64_	(2 CPU)

10:35:25        CPU     %user     %nice   %system   %iowait    %steal     %idle
10:35:26        all      4.98      0.00      2.49      0.00      0.00     92.54
10:35:27        all      2.06      0.00      2.06      0.00      0.00     95.88
10:35:28        all      6.63      0.00      4.59      0.00      0.00     88.78
10:35:29        all      7.25      0.00      2.07      0.00      0.00     90.67
10:35:30        all     64.10      0.00      9.74      0.00      0.00     26.15
10:35:31        all     43.88      0.00      7.65      0.00      0.00     48.47
10:35:32        all      4.04      0.00      2.02      0.00      0.00     93.94
10:35:33        all     12.76      0.00      4.08      5.10      0.00     78.06
10:35:34        all      6.09      0.00      2.54      0.00      0.00     91.37
10:35:35        all      3.00      0.00      3.00      0.00      0.00     94.00
10:35:36        all     14.21      0.00      5.58      3.05      0.00     77.16
10:35:37        all      2.55      0.00      1.53      0.00      0.00     95.92
10:35:38        all     11.22      0.00      4.59      9.18      0.00     75.00
10:35:39        all      9.60      0.00      2.02      0.00      0.00     88.38
10:35:40        all      4.55      0.00      2.53      0.00      0.00     92.93
10:35:41        all     14.43      0.00      6.97      4.98      0.00     73.63
10:35:42        all      3.50      0.00      3.50      0.00      0.00     93.00
10:35:43        all     11.68      0.00      3.05      5.58      0.00     79.70
10:35:44        all      6.06      0.00      1.01      0.00      0.00     92.93
10:35:45        all      3.52      0.00      3.02      0.00      0.00     93.47
10:35:46        all     11.68      0.00      4.57      4.06      0.00     79.70
10:35:47        all      3.06      0.00      1.53      0.00      0.00     95.41
10:35:48        all     10.40      0.00      4.95      4.95      0.00     79.70
10:35:49        all      5.56      0.00      4.04      0.00      0.00     90.40
10:35:50        all      4.50      0.00      3.00      0.00      0.00     92.50
10:35:51        all     12.06      0.00      5.53      5.53      0.00     76.88
10:35:52        all      5.97      0.00      2.49      0.00      0.00     91.54
10:35:53        all     10.20      0.00      5.10      4.59      0.00     80.10
10:35:54        all      5.05      0.00      2.53      0.00      0.00     92.42
10:35:55        all      2.53      0.00      1.52      0.00      0.00     95.96
10:35:56        all     15.90      0.00      4.10     12.31      0.00     67.69
10:35:57        all      2.59      0.00      0.00      0.00      0.00     97.41
10:35:58        all     12.69      0.00      4.57      5.58      0.00     77.16
10:35:59        all      8.54      0.00      4.02      0.00      0.00     87.44
10:36:00        all      4.52      0.00      2.51      0.00      0.00     92.96
10:36:01        all     12.56      0.00      5.03      5.53      0.00     76.88
10:36:02        all      4.08      0.00      2.04      0.00      0.00     93.88
10:36:03        all      9.64      0.00      5.08     11.68      0.00     73.60
10:36:04        all      5.03      0.00      1.51      0.00      0.00     93.47
10:36:05        all      1.55      0.00      2.58      0.00      0.00     95.88
10:36:06        all     15.15      0.00      6.06      4.04      0.00     74.75
10:36:07        all      3.03      0.00      2.02      0.00      0.00     94.95
10:36:08        all     10.61      0.00      3.54      7.07      0.00     78.79
10:36:09        all      5.15      0.00      2.58      0.00      0.00     92.27
10:36:10        all      7.80      0.00      3.41      0.00      0.00     88.78
10:36:11        all     15.15      0.00      6.57      4.55      0.00     73.74
10:36:12        all      3.52      0.00      3.52      0.00      0.00     92.96
10:36:13        all     13.07      0.00      8.54      5.03      0.00     73.37
10:36:14        all      7.58      0.00      5.05      0.00      0.00     87.37
10:36:15        all      3.52      0.00      2.01      0.00      0.00     94.47
10:36:16        all     11.52      0.00      1.05      3.66      0.00     83.77
10:36:17        all      4.04      0.00      2.02      0.00      0.00     93.94
10:36:18        all     11.06      0.00      4.52      4.52      0.00     79.90
10:36:19        all      6.57      0.00      2.53      0.00      0.00     90.91
10:36:20        all      3.05      0.00      2.03      0.00      0.00     94.92
10:36:21        all     12.63      0.00      3.54      5.05      0.00     78.79
10:36:22        all      4.02      0.00      4.02      0.00      0.00     91.96
10:36:23        all     12.56      0.00      5.53      3.52      0.00     78.39
10:36:24        all      4.08      0.00      0.51      0.00      0.00     95.41
10:36:25        all      3.55      0.00      1.52      1.52      0.00     93.40
10:36:26        all     12.18      0.00      5.58      4.06      0.00     78.17
10:36:27        all      3.03      0.00      2.02      0.00      0.00     94.95
10:36:28        all     13.64      0.00      4.55      5.05      0.00     76.77
10:36:29        all      5.67      0.00      1.03      0.00      0.00     93.30
10:36:30        all      5.03      0.00      5.03      2.01      0.00     87.94
10:36:31        all     12.69      0.00      7.61      4.57      0.00     75.13
10:36:32        all      4.08      0.00      2.04      0.00      0.00     93.88
10:36:33        all     11.88      0.00      4.95      4.46      0.00     78.71
10:36:34        all      4.62      0.00      2.05      0.00      0.00     93.33
10:36:35        all      4.98      0.00      2.99      1.99      0.00     90.05
10:36:36        all     11.11      0.00      4.04      4.55      0.00     80.30
10:36:37        all      2.04      0.00      2.04      0.00      0.00     95.92
10:36:38        all     12.94      0.00      5.97      4.98      0.00     76.12
10:36:39        all      7.04      0.00      2.01      0.00      0.00     90.95
10:36:40        all      7.14      0.00      3.57      2.55      0.00     86.73
10:36:41        all      9.45      0.00      4.98      1.99      0.00     83.58
10:36:42        all      3.61      0.00      2.58      0.00      0.00     93.81
10:36:43        all     11.56      0.00      3.52      5.53      0.00     79.40
10:36:44        all      2.02      0.00      3.54      0.00      0.00     94.44
10:36:45        all      7.22      0.00      3.09      5.67      0.00     84.02
10:36:46        all      8.42      0.00      3.96      0.99      0.00     86.63
10:36:47        all      2.06      0.00      2.06      0.00      0.00     95.88
10:36:48        all     11.56      0.00      4.02      5.03      0.00     79.40
10:36:49        all      4.04      0.00      3.03      0.00      0.00     92.93
10:36:50        all     10.66      0.00      4.57      5.08      0.00     79.70
10:36:51        all      7.04      0.00      3.02      0.00      0.00     89.95
10:36:52        all      5.08      0.00      2.03      0.00      0.00     92.89
10:36:53        all     12.56      0.00      4.02      5.03      0.00     78.39
10:36:54        all      5.13      0.00      1.54      0.00      0.00     93.33
10:36:55        all     14.36      0.00      4.46      3.96      0.00     77.23
10:36:56        all      4.98      0.00      3.48      0.00      0.00     91.54
10:36:57        all      5.56      0.00      5.05      0.00      0.00     89.39
10:36:58        all     16.67      0.00      6.06      4.55      0.00     72.73
10:36:59        all      6.50      0.00      3.00      0.00      0.00     90.50
10:37:00        all     10.55      0.00      4.52      5.03      0.00     79.90
10:37:01        all      4.59      0.00      2.55      0.00      0.00     92.86
10:37:02        all      4.64      0.00      1.55      0.00      0.00     93.81
10:37:03        all     11.94      0.00      3.48      5.47      0.00     79.10
10:37:04        all      5.58      0.00      1.02      0.00      0.00     93.40
10:37:05        all     11.50      0.00      8.00      4.00      0.00     76.50
10:37:06        all      4.15      0.00      1.55      0.00      0.00     94.30
10:37:07        all      3.54      0.00      2.53      1.01      0.00     92.93
10:37:08        all     12.00      0.00      5.00      4.00      0.00     79.00
10:37:09        all      5.58      0.00      1.52      0.00      0.00     92.89
10:37:10        all     14.29      0.00      3.57      4.59      0.00     77.55
10:37:11        all      4.06      0.00      2.54      0.00      0.00     93.40
10:37:12        all      7.14      0.00      2.55      3.06      0.00     87.24
10:37:13        all      9.09      0.00      2.02      1.01      0.00     87.88
10:37:14        all      4.50      0.00      2.50      0.00      0.00     93.00
10:37:15        all     10.26      0.00      4.62      5.64      0.00     79.49
10:37:16        all      5.58      0.00      2.03      0.00      0.00     92.39
10:37:17        all     11.00      0.00      6.00      3.00      0.00     80.00
10:37:18        all      7.58      0.00      3.54      0.51      0.00     88.38
10:37:19        all      7.46      0.00      2.49      0.00      0.00     90.05
10:37:20        all     13.13      0.00      4.55      4.55      0.00     77.78
10:37:21        all      3.57      0.00      1.53      0.00      0.00     94.90
10:37:22        all     13.73      0.00      4.90      4.90      0.00     76.47
10:37:23        all      4.59      0.00      1.53      0.00      0.00     93.88
10:37:24        all      3.52      0.00      2.01      0.00      0.00     94.47
10:37:25        all     13.33      0.00      4.62      5.13      0.00     76.92
10:37:26        all      3.55      0.00      2.54      0.00      0.00     93.91
10:37:27        all     10.26      0.00      4.62      5.13      0.00     80.00
10:37:28        all      5.50      0.00      3.00      0.00      0.00     91.50
10:37:29        all      6.12      0.00      1.53      0.00      0.00     92.35
10:37:30        all     15.15      0.00     10.10      5.05      0.00     69.70
10:37:31        all      4.55      0.00      4.04      0.00      0.00     91.41
10:37:32        all     12.06      0.00      4.02      6.03      0.00     77.89
10:37:33        all      3.54      0.00      2.02      0.00      0.00     94.44
10:37:34        all      5.00      0.00      4.00      0.00      0.00     91.00
10:37:35        all     11.17      0.00      4.06      4.06      0.00     80.71
10:37:36        all      5.97      0.00      3.98      0.00      0.00     90.05
10:37:37        all     11.44      0.00      7.96     11.44      0.00     69.15
10:37:38        all      7.54      0.00      2.51      3.02      0.00     86.93
10:37:39        all      6.70      0.00      2.58      0.00      0.00     90.72
10:37:40        all     10.61      0.00      7.07      5.05      0.00     77.27
10:37:41        all      5.13      0.00      2.05      0.00      0.00     92.82
10:37:42        all     14.00      0.00      5.50      5.50      0.00     75.00
10:37:43        all      3.61      0.00      1.03      0.00      0.00     95.36
10:37:44        all      3.96      0.00      1.98      0.00      0.00     94.06
10:37:45        all     11.17      0.00      6.60      7.11      0.00     75.13
10:37:46        all      5.08      0.00      1.02      0.00      0.00     93.91
10:37:47        all     12.37      0.00      5.67      5.67      0.00     76.29
10:37:48        all      5.00      0.00      4.00      0.00      0.00     91.00
10:37:49        all      4.06      0.00      2.03      0.00      0.00     93.91
10:37:50        all     16.33      0.00      4.08      3.57      0.00     76.02
10:37:51        all      4.02      0.00      2.51      0.00      0.00     93.47
10:37:52        all     13.13      0.00      5.05      4.55      0.00     77.27
10:37:53        all      5.05      0.00      2.02      0.00      0.00     92.93
10:37:54        all      6.03      0.00      2.01      0.00      0.00     91.96
10:37:55        all     10.15      0.00      6.09      9.64      0.00     74.11
10:37:56        all      4.04      0.00      2.53      0.00      0.00     93.43
10:37:57        all      9.00      0.00      6.00      4.00      0.00     81.00
10:37:58        all      4.55      0.00      4.55      0.00      0.00     90.91
10:37:59        all      3.61      0.00      1.55      0.00      0.00     94.85
10:38:00        all     12.76      0.00      4.59      5.10      0.00     77.55
10:38:01        all      3.52      0.00      1.51      0.00      0.00     94.97
10:38:02        all     10.10      0.00      6.57      5.56      0.00     77.78
10:38:03        all      4.02      0.00      4.02      0.00      0.00     91.96
10:38:04        all      3.55      0.00      1.02      0.00      0.00     95.43
10:38:05        all     10.50      0.00      5.50      3.50      0.00     80.50
10:38:06        all      5.13      0.00      2.05      0.00      0.00     92.82
10:38:07        all     10.66      0.00      4.57      6.09      0.00     78.68
10:38:08        all      4.95      0.00      4.46      0.00      0.00     90.59
10:38:09        all      4.06      0.00      2.03      0.51      0.00     93.40
10:38:10        all     15.66      0.00      6.06      4.04      0.00     74.24
10:38:11        all      3.03      0.00      2.53      0.00      0.00     94.44
10:38:12        all     15.58      0.00      7.54      3.52      0.00     73.37
10:38:13        all      1.53      0.00      1.53      0.00      0.00     96.94
10:38:14        all      5.08      0.00      3.55      1.02      0.00     90.36
10:38:15        all     11.44      0.00      4.98      2.99      0.00     80.60
10:38:16        all      4.00      0.00      2.50      0.00      0.00     93.50
10:38:17        all     12.76      0.00      6.63      4.59      0.00     76.02
10:38:18        all      7.07      0.00      3.03      0.00      0.00     89.90
10:38:19        all      9.45      0.00      3.98      4.48      0.00     82.09
10:38:20        all     13.33      0.00      4.10      1.03      0.00     81.54
10:38:21        all      4.59      0.00      1.53      0.00      0.00     93.88
10:38:22        all      9.69      0.00      5.61      4.59      0.00     80.10
10:38:23        all      4.00      0.00      3.00      0.00      0.00     93.00
10:38:24        all     12.37      0.00      3.61      4.64      0.00     79.38
10:38:25        all      5.97      0.00      2.99      0.00      0.00     91.04
10:38:26        all      3.57      0.00      1.53      0.00      0.00     94.90
10:38:27        all     11.56      0.00      4.52      6.53      0.00     77.39
10:38:28        all      4.50      0.00      5.00      0.00      0.00     90.50
10:38:29        all     10.55      0.00      6.03      4.02      0.00     79.40
10:38:30        all      8.67      0.00      7.14      0.00      0.00     84.18
10:38:31        all      4.10      0.00      4.10      0.00      0.00     91.79
10:38:32        all     10.15      0.00      4.57      5.08      0.00     80.20
10:38:33        all      3.00      0.00      2.50      0.00      0.00     94.50
10:38:34        all     10.50      0.00      5.50      3.50      0.00     80.50
10:38:35        all      3.52      0.00      3.52      0.00      0.00     92.96
10:38:36        all      4.52      0.00      1.51      0.00      0.00     93.97
10:38:37        all     10.55      0.00      5.03      6.03      0.00     78.39
10:38:38        all      4.98      0.00      2.99      0.00      0.00     92.04
10:38:39        all     12.63      0.00      4.55      4.04      0.00     78.79
10:38:40        all      7.07      0.00      1.52      0.00      0.00     91.41
10:38:41        all      4.55      0.00      2.02      0.00      0.00     93.43
10:38:42        all     14.29      0.00      5.10      5.61      0.00     75.00
10:38:43        all      3.02      0.00      1.51      0.00      0.00     95.48
10:38:44        all      9.69      0.00      4.59      2.55      0.00     83.16
10:38:45        all      4.06      0.00      3.05      0.00      0.00     92.89
10:38:46        all      4.59      0.00      1.53      1.53      0.00     92.35
10:38:47        all     10.40      0.00      6.44      3.47      0.00     79.70
10:38:48        all      3.06      0.00      2.04      0.00      0.00     94.90
10:38:49        all     11.56      0.00      8.04      4.52      0.00     75.88
10:38:50        all      5.53      0.00      3.02      0.00      0.00     91.46
10:38:51        all      6.09      0.00      4.57      2.54      0.00     86.80
10:38:52        all      8.59      0.00      4.55      1.52      0.00     85.35
10:38:53        all      4.04      0.00      1.01      0.00      0.00     94.95
10:38:54        all     14.65      0.00      5.05      5.05      0.00     75.25
10:38:55        all      2.54      0.00      2.03      0.00      0.00     95.43
10:38:56        all     11.00      0.00      3.50      4.00      0.00     81.50
10:38:57        all      3.57      0.00      1.53      0.51      0.00     94.39
10:38:58        all      4.57      0.00      2.54      0.00      0.00     92.89
10:38:59        all     13.00      0.00      5.00      6.00      0.00     76.00
10:39:00        all      8.37      0.00      3.45      0.00      0.00     88.18
10:39:01        all     10.10      0.00      4.55      8.59      0.00     76.77
10:39:02        all      8.54      0.00      2.01      0.00      0.00     89.45
10:39:03        all      4.08      0.00      1.53      0.00      0.00     94.39
10:39:04        all     12.76      0.00      5.10      3.57      0.00     78.57
10:39:05        all      5.08      0.00      2.54      0.00      0.00     92.39
10:39:06        all     13.71      0.00      5.08      5.58      0.00     75.63
10:39:07        all      5.42      0.00      3.94      4.93      0.00     85.71
10:39:08        all      4.04      0.00      2.02      0.00      0.00     93.94
10:39:09        all     20.71      0.00      5.05      7.58      0.00     66.67
10:39:10        all      8.04      0.00      2.51      0.00      0.00     89.45
10:39:11        all     12.50      0.00      4.50      5.50      0.00     77.50
10:39:12        all      7.65      0.00      3.57      0.00      0.00     88.78
10:39:13        all      8.50      0.00      4.50      0.00      0.00     87.00
10:39:14        all     12.69      0.00      5.08      4.57      0.00     77.66
10:39:15        all      3.52      0.00      2.51      0.00      0.00     93.97
10:39:16        all     10.36      0.00      4.15      4.66      0.00     80.83
10:39:17        all      6.06      0.00      1.52      0.00      0.00     92.42
10:39:18        all      3.55      0.00      2.03      0.00      0.00     94.42
10:39:19        all     14.78      0.00      4.43      4.43      0.00     76.35
10:39:20        all      5.56      0.00      2.02      0.00      0.00     92.42
10:39:21        all     11.68      0.00      6.09      4.06      0.00     78.17
10:39:22        all      6.03      0.00      3.52      0.00      0.00     90.45
10:39:23        all      3.50      0.00      3.00      0.00      0.00     93.50
10:39:24        all     14.80      0.00      4.08      4.59      0.00     76.53
10:39:25        all      3.00      0.00      3.00      0.00      0.00     94.00
10:39:26        all     14.14      0.00      6.06      5.05      0.00     74.75
10:39:27        all      3.54      0.00      3.03      0.00      0.00     93.43
10:39:28        all      4.57      0.00      1.52      0.00      0.00     93.91
10:39:29        all     12.76      0.00      5.61      3.57      0.00     78.06
10:39:30        all      6.50      0.00      6.50      0.00      0.00     87.00
10:39:31        all     11.86      0.00      6.19      5.15      0.00     76.80
10:39:32        all      4.04      0.00      2.53      0.00      0.00     93.43
10:39:33        all      2.50      0.00      3.00      0.00      0.00     94.50
10:39:34        all     14.21      0.00      3.55      6.60      0.00     75.63
10:39:35        all      4.08      0.00      2.04      0.00      0.00     93.88
10:39:36        all     14.21      0.00      6.09      3.55      0.00     76.14
10:39:37        all      4.04      0.00      1.01      0.00      0.00     94.95
10:39:38        all      3.06      0.00      4.08      0.00      0.00     92.86
10:39:39        all     12.31      0.00      4.10      4.62      0.00     78.97
10:39:40        all      6.06      0.00      2.53      0.00      0.00     91.41
10:39:41        all     11.94      0.00      6.47      5.97      0.00     75.62
10:39:42        all      5.00      0.00      2.00      0.00      0.00     93.00
10:39:43        all      3.57      0.00      2.04      1.53      0.00     92.86
10:39:44        all     11.06      0.00      4.52      1.51      0.00     82.91
10:39:45        all      4.02      0.00      3.02      0.00      0.00     92.96
10:39:46        all     11.73      0.00      4.59      5.10      0.00     78.57
10:39:47        all      2.51      0.00      3.02      0.00      0.00     94.47
10:39:48        all      9.00      0.00      4.00      3.00      0.00     84.00
10:39:49        all      4.06      0.00      1.52      0.00      0.00     94.42
10:39:50        all      7.07      0.00      1.52      0.00      0.00     91.41
10:39:51        all     13.16      0.00      4.21      3.16      0.00     79.47
10:39:52        all      5.00      0.00      3.00      0.00      0.00     92.00
10:39:53        all     10.94      0.00      2.08      4.69      0.00     82.29
10:39:54        all      5.00      0.00      3.50      0.00      0.00     91.50
10:39:55        all      5.45      0.00      2.48      0.00      0.00     92.08
10:39:56        all     12.24      0.00      3.57      5.10      0.00     79.08
10:39:57        all      5.50      0.00      2.50      0.00      0.00     92.00
10:39:58        all     12.56      0.00      7.04      4.02      0.00     76.38
10:39:59        all      6.57      0.00      2.02      0.00      0.00     91.41
10:40:00        all     10.00      0.00      6.00      0.00      0.00     84.00
10:40:01        all     12.87      0.00      5.94      4.95      0.00     76.24
10:40:02        all      7.00      0.00      2.50      0.00      0.00     90.50
10:40:03        all     10.15      0.00      5.58      4.06      0.00     80.20
10:40:04        all      4.04      0.00      2.02      0.00      0.00     93.94
10:40:05        all      4.02      0.00      3.02      0.00      0.00     92.96
10:40:06        all     13.27      0.00      5.10      4.08      0.00     77.55
10:40:07        all      2.54      0.00      2.03      0.00      0.00     95.43
10:40:08        all     11.06      0.00      6.03      4.02      0.00     78.89
10:40:09        all      2.04      0.00      1.02      0.00      0.00     96.94
10:40:10        all      8.00      0.00      4.00      2.50      0.00     85.50
10:40:11        all     14.43      0.00      5.15     14.43      0.00     65.98
10:40:12        all      5.00      0.00      2.00      0.00      0.00     93.00
10:40:13        all      9.23      0.00      5.64      4.62      0.00     80.51
10:40:14        all      4.08      0.00      2.04      0.00      0.00     93.88
10:40:15        all      4.06      0.00      2.03      0.00      0.00     93.91
10:40:16        all     11.06      0.00      5.03      5.53      0.00     78.39
10:40:17        all      1.53      0.00      2.04      0.00      0.00     96.43
10:40:18        all     14.00      0.00      6.50      3.50      0.00     76.00
10:40:19        all      3.06      0.00      2.04      0.00      0.00     94.90
10:40:20        all      7.14      0.00      2.04      0.00      0.00     90.82
10:40:21        all     13.33      0.00      3.59     13.33      0.00     69.74
10:40:22        all      3.50      0.00      4.00      0.00      0.00     92.50
10:40:23        all     10.55      0.00      4.52      5.53      0.00     79.40
10:40:24        all      5.61      0.00      2.04      0.00      0.00     92.35
10:40:25        all      4.95      0.00      3.47      0.00      0.00     91.58
10:40:26        all     13.99      0.00      5.18      4.15      0.00     76.68
10:40:27        all      3.03      0.00      0.51      0.00      0.00     96.46
10:40:28        all     11.68      0.00      5.58      4.06      0.00     78.68
10:40:29        all      3.55      0.00      2.03      0.00      0.00     94.42
10:40:30        all      7.88      0.00      6.90      0.00      0.00     85.22
10:40:31        all     11.40      0.00      6.74      5.18      0.00     76.68
10:40:32        all      4.52      0.00      3.02      0.00      0.00     92.46
10:40:33        all     13.85      0.00      5.13     10.77      0.00     70.26
10:40:34        all      6.57      0.00      1.52      1.52      0.00     90.40
10:40:35        all      3.05      0.00      3.55      0.00      0.00     93.40
10:40:36        all     16.00      0.00      6.00      5.00      0.00     73.00
10:40:37        all      2.55      0.00      2.04      0.00      0.00     95.41
10:40:38        all     12.24      0.00      5.61      7.65      0.00     74.49
10:40:39        all      4.00      0.00      3.00      0.00      0.00     93.00
10:40:40        all      8.67      0.00      2.55      0.00      0.00     88.78
10:40:41        all     13.20      0.00      3.55      4.57      0.00     78.68
10:40:42        all      4.95      0.00      4.46      0.00      0.00     90.59
10:40:43        all     12.44      0.00      3.48      5.97      0.00     78.11
10:40:44        all      4.02      0.00      3.52      0.00      0.00     92.46
10:40:45        all      4.04      0.00      1.01      0.00      0.00     94.95
10:40:46        all     13.54      0.00      4.69      4.17      0.00     77.60
10:40:47        all      2.99      0.00      2.49      0.00      0.00     94.53
10:40:48        all     11.11      0.00      4.55      4.04      0.00     80.30
10:40:49        all      3.05      0.00      2.54      0.00      0.00     94.42
10:40:50        all      7.04      0.00      2.01      0.00      0.00     90.95
10:40:51        all     15.66      0.00      5.56      5.05      0.00     73.74
10:40:52        all      3.55      0.00      1.52      0.00      0.00     94.92
10:40:53        all     13.13      0.00      5.56      3.03      0.00     78.28
10:40:54        all      5.56      0.00      3.03      0.00      0.00     91.41
10:40:55        all      4.04      0.00      2.53      0.00      0.00     93.43
10:40:56        all     12.44      0.00      5.97      5.47      0.00     76.12
10:40:57        all      2.03      0.00      2.54      0.00      0.00     95.43
10:40:58        all     11.05      0.00      6.84      3.68      0.00     78.42
10:40:59        all      5.45      0.00      2.48      0.00      0.00     92.08
10:41:00        all      7.11      0.00      1.02      0.00      0.00     91.88
10:41:01        all     12.44      0.00      5.47      5.97      0.00     76.12
10:41:02        all      4.59      0.00      3.06      0.00      0.00     92.35
10:41:03        all     11.11      0.00      5.05      3.54      0.00     80.30
10:41:04        all      5.39      0.00      2.45      0.00      0.00     92.16
10:41:05        all      4.98      0.00      2.99      1.00      0.00     91.04
10:41:06        all     11.00      0.00      6.00      2.00      0.00     81.00
10:41:07        all      3.00      0.00      1.00      0.00      0.00     96.00
10:41:08        all     14.43      0.00      5.67      5.67      0.00     74.23
10:41:09        all      2.03      0.00      3.05      0.00      0.00     94.92
10:41:10        all      8.16      0.00      3.06      3.06      0.00     85.71
10:41:11        all     11.11      0.00      3.03      1.52      0.00     84.34
10:41:12        all      7.00      0.00      1.50      0.00      0.00     91.50
10:41:13        all     11.06      0.00      4.52      4.52      0.00     79.90
10:41:14        all      4.55      0.00      1.52      0.00      0.00     93.94
10:41:15        all      8.59      0.00      3.54      4.55      0.00     83.33
10:41:16        all      5.97      0.00      4.98      1.49      0.00     87.56
10:41:17        all      1.54      0.00      1.54      0.00      0.00     96.92
10:41:18        all     14.07      0.00      4.02      4.02      0.00     77.89
10:41:19        all      2.51      0.00      2.01      0.00      0.00     95.48
10:41:20        all     15.42      0.00      6.47      4.48      0.00     73.63
10:41:21        all      7.18      0.00      2.05      0.00      0.00     90.77
10:41:22        all      4.02      0.00      1.51      0.00      0.00     94.47
10:41:23        all     13.64      0.00      6.06      4.55      0.00     75.76
10:41:24        all      4.48      0.00      2.49      0.00      0.00     93.03
10:41:25        all     13.07      0.00      5.53      5.03      0.00     76.38
10:41:26        all      7.11      0.00      2.54      0.00      0.00     90.36
10:41:27        all      2.54      0.00      1.02      0.00      0.00     96.45
10:41:28        all     13.86      0.00      8.91      4.46      0.00     72.77
10:41:29        all      2.07      0.00      1.55      0.00      0.00     96.37
10:41:30        all     17.00      0.00     10.00      3.50      0.00     69.50
10:41:31        all      6.63      0.00      3.57      0.00      0.00     89.80
10:41:32        all      7.50      0.00      4.50      0.00      0.00     88.00
10:41:33        all     21.00      0.00     10.00      4.50      0.00     64.50
10:41:34        all      3.08      0.00      2.05      0.00      0.00     94.87
10:41:35        all      9.55      0.00      4.02      4.52      0.00     81.91
10:41:36        all      7.14      0.00      2.04      0.51      0.00     90.31
10:41:37        all      3.06      0.00      1.53      0.00      0.00     95.41
10:41:38        all     19.70      0.00      6.06      3.54      0.00     70.71
10:41:39        all      3.02      0.00      1.51      0.00      0.00     95.48
10:41:40        all     13.71      0.00      4.06      3.05      0.00     79.19
10:41:41        all      6.03      0.00      2.01      0.50      0.00     91.46
10:41:42        all      5.58      0.00      1.52      0.00      0.00     92.89
10:41:43        all     13.13      0.00      5.05      4.04      0.00     77.78
10:41:44        all      5.45      0.00      1.98      0.00      0.00     92.57
10:41:45        all     11.28      0.00      3.08      3.59      0.00     82.05
10:41:46        all      7.46      0.00      2.49      0.00      0.00     90.05
10:41:47        all      3.03      0.00      2.02      0.00      0.00     94.95
10:41:48        all     11.44      0.00      5.47      4.98      0.00     78.11
10:41:49        all      2.53      0.00      2.53      0.00      0.00     94.95
10:41:50        all     10.82      0.00      3.61     12.37      0.00     73.20
10:41:51        all      8.00      0.00      4.00      1.50      0.00     86.50
10:41:52        all      5.50      0.00      2.50      0.00      0.00     92.00
10:41:53        all     10.26      0.00      4.10      4.10      0.00     81.54
10:41:54        all      4.04      0.00      3.03      0.00      0.00     92.93
10:41:55        all     12.63      0.00      4.04      4.04      0.00     79.29
10:41:56        all      8.50      0.00      4.00      0.00      0.00     87.50
10:41:57        all      2.53      0.00      1.01      0.00      0.00     96.46
10:41:58        all     11.34      0.00      6.19     15.98      0.00     66.49
10:41:59        all      3.54      0.00      2.53      0.00      0.00     93.94
10:42:00        all      9.00      0.00      1.50      0.00      0.00     89.50
10:42:01        all     15.42      0.00      5.47     13.43      0.00     65.67
10:42:02        all      6.09      0.00      2.54      0.00      0.00     91.37
10:42:03        all     10.55      0.00      5.03      5.03      0.00     79.40
10:42:04        all      4.50      0.00      2.50      0.00      0.00     93.00
10:42:05        all      3.06      0.00      2.55      1.53      0.00     92.86
10:42:06        all     13.20      0.00      4.06      4.57      0.00     78.17
10:42:07        all      1.55      0.00      1.55      0.00      0.00     96.89
10:42:08        all     14.43      0.00      4.98      5.47      0.00     75.12
10:42:09        all      2.03      0.00      1.52      0.00      0.00     96.45
10:42:10        all      6.06      0.00      3.03      0.51      0.00     90.40
10:42:11        all     13.71      0.00      4.57      3.55      0.00     78.17
10:42:12        all      5.50      0.00      2.00      0.00      0.00     92.50
10:42:13        all     11.62      0.00      5.05      7.07      0.00     76.26
10:42:14        all      4.50      0.00      3.00      0.00      0.00     92.50
10:42:15        all      5.03      0.00      2.51      1.51      0.00     90.95
10:42:16        all     16.08      0.00      5.03      3.52      0.00     75.38
10:42:17        all      2.54      0.00      1.52      0.00      0.00     95.94
10:42:18        all     18.13      0.00      5.70      5.18      0.00     70.98
10:42:19        all      5.05      0.00      2.53      0.00      0.00     92.42
10:42:20        all      7.04      0.00      3.52      0.00      0.00     89.45
10:42:21        all     15.90      0.00      6.67      5.13      0.00     72.31
10:42:22        all      6.93      0.00      3.47      0.00      0.00     89.60
10:42:23        all     12.06      0.00      3.52      8.04      0.00     76.38
10:42:24        all      4.93      0.00      4.43      0.00      0.00     90.64
10:42:25        all      3.05      0.00      1.52      0.00      0.00     95.43
10:42:26        all     14.21      0.00      6.09      4.57      0.00     75.13
10:42:27        all      3.03      0.00      1.52      0.00      0.00     95.45
10:42:28        all     10.77      0.00      6.15      4.10      0.00     78.97
10:42:29        all      2.53      0.00      2.53      0.00      0.00     94.95
10:42:30        all      6.60      0.00      8.12      0.00      0.00     85.28
10:42:31        all     13.71      0.00      6.09      6.09      0.00     74.11
10:42:32        all      5.03      0.00      2.51      0.00      0.00     92.46
10:42:33        all     10.15      0.00      5.58      5.08      0.00     79.19
10:42:34        all      4.57      0.00      2.03      0.00      0.00     93.40
10:42:35        all      5.97      0.00      2.49      1.00      0.00     90.55
10:42:36        all     10.77      0.00      4.62      3.59      0.00     81.03
10:42:37        all      4.98      0.00      2.99      0.50      0.00     91.54
10:42:38        all     13.85      0.00      2.56      5.13      0.00     78.46
10:42:39        all      2.04      0.00      2.04      0.00      0.00     95.92
10:42:40        all      7.58      0.00      4.04      3.03      0.00     85.35
10:42:41        all     10.55      0.00      4.52      1.51      0.00     83.42
10:42:42        all      5.05      0.00      3.54      0.00      0.00     91.41
10:42:43        all     11.62      0.00      5.56      5.05      0.00     77.78
10:42:44        all      3.98      0.00      2.99      0.00      0.00     93.03
10:42:45        all      7.69      0.00      3.59      3.08      0.00     85.64
10:42:46        all      7.25      0.00      3.11      1.04      0.00     88.60
10:42:47        all      1.52      0.00      2.54      0.00      0.00     95.94
10:42:48        all     13.46      0.00      6.73      5.29      0.00     74.52
10:42:49        all      2.05      0.00      2.56      0.00      0.00     95.38
10:42:50        all     14.43      0.00      5.97      4.48      0.00     75.12
10:42:51        all      4.55      0.00      3.03      0.00      0.00     92.42
10:42:52        all      5.58      0.00      2.54      0.00      0.00     91.88
10:42:53        all      9.69      0.00      4.08      3.06      0.00     83.16
10:42:54        all      4.46      0.00      3.96      0.00      0.00     91.58
10:42:55        all      9.14      0.00      3.55      5.08      0.00     82.23
10:42:56        all      6.63      0.00      2.04      0.00      0.00     91.33
10:42:57        all      2.54      0.00      1.52      0.00      0.00     95.94
10:42:58        all     17.53      0.00      5.67      5.15      0.00     71.65
10:42:59        all      3.48      0.00      3.48      0.00      0.00     93.03
10:43:00        all     14.14      0.00      6.57      8.59      0.00     70.71
10:43:01        all      9.18      0.00      4.59      3.06      0.00     83.16
10:43:02        all      6.00      0.00      2.50      0.00      0.00     91.50
10:43:03        all     12.63      0.00      4.04      6.57      0.00     76.77
10:43:04        all      4.06      0.00      1.52      0.00      0.00     94.42
10:43:05        all      6.53      0.00      3.52      3.52      0.00     86.43
10:43:06        all     12.18      0.00      5.08      1.02      0.00     81.73
10:43:07        all      3.02      0.00      2.01      0.00      0.00     94.97
10:43:08        all     12.50      0.00      7.50      5.00      0.00     75.00
10:43:09        all      2.05      0.00      0.51      0.00      0.00     97.44
10:43:10        all     11.62      0.00      4.04      4.04      0.00     80.30
10:43:11        all      6.53      0.00      4.02      1.51      0.00     87.94
10:43:12        all      5.56      0.00      3.03      0.00      0.00     91.41
10:43:13        all     11.39      0.00      5.94      3.47      0.00     79.21
10:43:14        all      5.94      0.00      2.48      0.00      0.00     91.58
10:43:15        all     10.15      0.00      4.57      4.57      0.00     80.71
10:43:16        all      4.06      0.00      2.03      0.00      0.00     93.91
10:43:17        all      2.56      0.00      1.03      0.00      0.00     96.41
10:43:18        all     13.64      0.00      6.06      3.54      0.00     76.77
10:43:19        all      2.05      0.00      2.05      0.00      0.00     95.90
10:43:20        all     14.65      0.00      6.57      8.08      0.00     70.71
10:43:21        all      4.02      0.00      3.02      2.51      0.00     90.45
10:43:22        all      6.50      0.00      3.00      0.00      0.00     90.50
10:43:23        all     10.77      0.00      4.10      8.21      0.00     76.92
10:43:24        all      5.50      0.00      2.50      0.00      0.00     92.00
10:43:25        all      8.63      0.00      7.61      5.58      0.00     78.17
10:43:26        all      5.56      0.00      3.03      0.00      0.00     91.41
10:43:27        all      1.52      0.00      2.03      0.00      0.00     96.45
10:43:28        all     13.33      0.00      5.13      4.10      0.00     77.44
10:43:29        all      3.00      0.00      3.00      0.00      0.00     94.00
10:43:30        all     14.36      0.00      8.72      5.13      0.00     71.79
10:43:31        all      5.03      0.00      4.02      0.00      0.00     90.95
10:43:32        all      6.00      0.00      4.00      0.00      0.00     90.00
10:43:33        all     13.07      0.00      4.52      8.54      0.00     73.87
10:43:34        all      5.47      0.00      2.99      0.00      0.00     91.54
10:43:35        all     10.77      0.00      3.59      7.18      0.00     78.46
10:43:36        all      4.48      0.00      2.99      0.00      0.00     92.54
10:43:37        all      3.05      0.00      1.52      0.00      0.00     95.43
10:43:38        all     11.76      0.00      7.35      4.90      0.00     75.98
10:43:39        all      3.02      0.00      3.02      0.00      0.00     93.97
10:43:40        all     14.57      0.00      4.52      4.52      0.00     76.38
10:43:41        all      5.03      0.00      2.51      0.00      0.00     92.46
10:43:42        all      5.53      0.00      2.01      0.00      0.00     92.46
10:43:43        all     11.11      0.00      3.54      5.05      0.00     80.30
10:43:44        all      3.00      0.00      3.50      0.00      0.00     93.50
10:43:45        all     11.17      0.00      6.09      4.57      0.00     78.17
10:43:46        all      8.96      0.00      3.98      0.00      0.00     87.06
10:43:47        all      3.50      0.00      2.00      0.00      0.00     94.50
10:43:48        all     12.89      0.00      4.64      3.61      0.00     78.87
10:43:49        all      4.62      0.00      3.59      0.00      0.00     91.79
10:43:50        all     14.57      0.00      4.52      3.52      0.00     77.39
10:43:51        all      4.93      0.00      3.94      0.00      0.00     91.13
10:43:52        all      5.70      0.00      1.55      0.52      0.00     92.23
10:43:53        all     11.62      0.00      4.55      3.54      0.00     80.30
10:43:54        all      4.00      0.00      4.00      0.00      0.00     92.00
10:43:55        all     11.68      0.00      4.57      4.06      0.00     79.70
10:43:56        all      4.55      0.00      1.52      0.00      0.00     93.94
10:43:57        all      7.65      0.00      3.06      2.55      0.00     86.73
10:43:58        all      8.04      0.00      3.52      2.01      0.00     86.43
10:43:59        all      3.06      0.00      3.06      0.00      0.00     93.88
10:44:00        all     16.08      0.00      4.52      2.51      0.00     76.88
10:44:01        all      4.52      0.00      2.51      0.00      0.00     92.96
10:44:02        all     11.34      0.00      4.64      6.19      0.00     77.84
10:44:03        all      4.55      0.00      1.52      0.00      0.00     93.94
10:44:04        all      5.53      0.00      3.52      0.00      0.00     90.95
10:44:05        all     12.50      0.00      3.50      5.00      0.00     79.00
10:44:06        all      6.53      0.00      3.52      0.00      0.00     89.95
10:44:07        all     10.66      0.00      5.08      3.05      0.00     81.22
10:44:08        all      4.55      0.00      2.53      0.00      0.00     92.93
10:44:09        all      2.06      0.00      1.55      0.00      0.00     96.39
10:44:10        all     14.43      0.00      6.47      3.98      0.00     75.12
10:44:11        all      4.55      0.00      2.53      0.00      0.00     92.93
10:44:12        all     12.87      0.00      6.44      3.96      0.00     76.73
10:44:13        all      2.53      0.00      3.03      0.00      0.00     94.44
10:44:14        all      4.50      0.00      3.00      1.00      0.00     91.50
10:44:15        all     10.55      0.00      5.03      4.52      0.00     79.90
10:44:16        all      3.50      0.00      2.50      0.00      0.00     94.00
10:44:17        all     11.11      0.00      4.55      3.54      0.00     80.81
10:44:18        all      5.00      0.00      2.00      0.00      0.00     93.00
10:44:19        all      6.53      0.00      2.51      2.51      0.00     88.44
10:44:20        all     11.94      0.00      5.47      1.49      0.00     81.09
10:44:21        all      5.03      0.00      4.02      0.00      0.00     90.95
10:44:22        all     16.24      0.00      4.06      5.08      0.00     74.62
10:44:23        all      2.54      0.00      1.02      0.51      0.00     95.94
10:44:24        all      8.59      0.00      4.55      2.02      0.00     84.85
10:44:25        all      6.06      0.00      3.03      1.01      0.00     89.90
10:44:26        all      4.46      0.00      5.45      0.00      0.00     90.10
10:44:27        all     10.55      0.00      6.53      5.03      0.00     77.89
10:44:28        all      4.98      0.00      3.48      0.00      0.00     91.54
10:44:29        all      9.18      0.00      6.63      4.08      0.00     80.10
10:44:30        all      7.61      0.00      8.12      0.00      0.00     84.26
10:44:31        all      4.06      0.00      3.05      0.00      0.00     92.89
10:44:32        all     18.09      0.00      4.52      4.02      0.00     73.37
10:44:33        all      3.03      0.00      1.52      0.00      0.00     95.45
10:44:34        all     15.23      0.00      6.60      6.60      0.00     71.57
10:44:35        all      6.25      0.00      3.65      5.73      0.00     84.38
10:44:36        all      3.55      0.00      2.54      0.00      0.00     93.91
10:44:37        all     13.00      0.00      5.50      7.00      0.00     74.50
10:44:38        all      6.60      0.00      1.02      0.00      0.00     92.39
10:44:39        all     11.39      0.00      7.43      4.95      0.00     76.24
10:44:40        all     10.55      0.00      3.52      4.02      0.00     81.91
10:44:41        all      5.05      0.00      2.02      0.00      0.00     92.93
10:44:42        all     15.00      0.00      6.50      5.50      0.00     73.00
10:44:43        all      4.02      0.00      1.51      0.00      0.00     94.47
10:44:44        all      6.09      0.00      3.55      2.54      0.00     87.82
10:44:45        all     10.31      0.00      3.61      2.06      0.00     84.02
10:44:46        all      5.08      0.00      1.52      0.00      0.00     93.40
10:44:47        all     10.20      0.00      4.08      4.08      0.00     81.63
10:44:48        all      5.00      0.00      2.50      0.00      0.00     92.50
10:44:49        all      8.12      0.00      4.57      3.55      0.00     83.76
10:44:50        all     10.66      0.00      4.57      1.52      0.00     83.25
10:44:51        all      5.50      0.00      2.50      0.00      0.00     92.00
10:44:52        all     13.71      0.00      4.57      5.58      0.00     76.14
10:44:53        all      4.08      0.00      2.04      0.00      0.00     93.88
10:44:54        all     10.61      0.00      5.56      3.03      0.00     80.81
10:44:55        all      6.53      0.00      2.01      0.00      0.00     91.46
10:44:56        all      3.11      0.00      1.04      0.00      0.00     95.85
10:44:57        all     12.24      0.00      3.06      5.10      0.00     79.59
10:44:58        all      5.00      0.00      4.00      0.00      0.00     91.00
10:44:59        all      9.69      0.00      3.57      5.10      0.00     81.63
10:45:00        all      8.50      0.00      1.50      0.00      0.00     90.00
10:45:01        all      2.56      0.00      2.05      0.00      0.00     95.38
10:45:02        all     13.71      0.00      7.11      4.57      0.00     74.62
10:45:03        all      2.51      0.00      3.02      0.00      0.00     94.47
10:45:04        all      9.05      0.00      5.03      3.52      0.00     82.41
10:45:05        all      5.05      0.00      3.03      0.00      0.00     91.92
10:45:06        all      4.08      0.00      2.04      0.00      0.00     93.88
10:45:07        all     15.00      0.00      5.50      4.50      0.00     75.00
10:45:08        all      5.00      0.00      2.50      0.00      0.00     92.50
10:45:09        all      9.74      0.00      3.59      4.62      0.00     82.05
10:45:10        all      6.12      0.00      3.06      1.53      0.00     89.29
10:45:11        all      5.00      0.00      1.50      0.00      0.00     93.50
10:45:12        all     17.68      0.00      6.06      9.60      0.00     66.67
10:45:13        all      2.51      0.00      2.51      0.00      0.00     94.97
10:45:14        all     12.63      0.00      5.56      4.04      0.00     77.78
10:45:15        all      4.04      0.00      3.03      2.02      0.00     90.91
10:45:16        all      4.52      0.00      2.51      0.00      0.00     92.96
10:45:17        all      9.60      0.00      3.54      3.54      0.00     83.33
10:45:18        all      6.09      0.00      1.52      0.00      0.00     92.39
10:45:19        all      9.05      0.00      2.01     13.57      0.00     75.38
10:45:20        all     10.66      0.00      2.54      1.02      0.00     85.79
10:45:21        all      3.59      0.00      2.05      0.00      0.00     94.36
10:45:22        all     17.59      0.00      6.53      4.52      0.00     71.36
10:45:23        all      4.55      0.00      2.02      0.00      0.00     93.43
10:45:24        all     11.98      0.00      3.12      4.17      0.00     80.73
10:45:25        all      6.06      0.00      3.54      0.51      0.00     89.90
10:45:26        all      4.06      0.00      3.55      0.00      0.00     92.39
10:45:27        all     13.24      0.00      7.35      5.39      0.00     74.02
10:45:28        all      4.02      0.00      3.52      0.00      0.00     92.46
10:45:29        all      9.64      0.00      4.57      4.06      0.00     81.73
10:45:30        all      7.92      0.00      7.92      0.00      0.00     84.16
10:45:31        all      5.08      0.00      5.08      0.00      0.00     89.85
10:45:32        all     13.27      0.00      4.08      4.59      0.00     78.06
10:45:33        all      3.02      0.00      2.01      0.00      0.00     94.97
10:45:34        all     10.05      0.00      7.04      4.52      0.00     78.39
10:45:35        all      6.90      0.00      2.46      0.00      0.00     90.64
10:45:36        all      4.55      0.00      1.52      0.00      0.00     93.94
10:45:37        all     10.71      0.00      3.06      4.08      0.00     82.14
10:45:38        all      5.58      0.00      2.03      0.00      0.00     92.39
10:45:39        all     10.71      0.00      4.59      4.08      0.00     80.61
10:45:40        all      7.43      0.00      3.47      0.00      0.00     89.11
10:45:41        all      5.10      0.00      1.02      0.00      0.00     93.88
10:45:42        all     13.37      0.00      7.43      3.47      0.00     75.74
10:45:43        all      3.57      0.00      1.02      0.00      0.00     95.41
10:45:44        all     12.63      0.00      2.53      4.55      0.00     80.30
10:45:45        all      4.06      0.00      2.54      0.00      0.00     93.40
10:45:46        all      4.00      0.00      3.00      0.50      0.00     92.50
10:45:47        all      9.69      0.00      3.57     11.73      0.00     75.00
10:45:48        all      4.57      0.00      2.03      0.00      0.00     93.40
10:45:49        all     13.85      0.00      5.64      9.74      0.00     70.77
10:45:50        all      6.53      0.00      4.02      2.51      0.00     86.93
10:45:51        all      4.06      0.00      1.52      0.00      0.00     94.42
10:45:52        all     24.62      0.00     10.77      5.13      0.00     59.49
10:45:53        all      2.53      0.00      2.02      0.00      0.00     95.45
10:45:54        all      2.51      0.00      4.52      0.00      0.00     92.96
10:45:55        all      3.50      0.00      4.00      0.00      0.00     92.50
10:45:56        all      3.61      0.00      1.55      0.00      0.00     94.85
10:45:57        all      3.52      0.00      1.01      0.00      0.00     95.48
10:45:58        all      3.08      0.00      1.54      0.00      0.00     95.38
10:45:59        all      4.04      0.00      2.02      0.00      0.00     93.94
10:46:00        all      5.56      0.00      2.53      0.00      0.00     91.92
10:46:01        all      8.04      0.00      2.51      0.00      0.00     89.45
10:46:02        all      5.56      0.00      3.03      0.00      0.00     91.41
10:46:03        all      4.98      0.00      1.49      0.00      0.00     93.53
10:46:04        all      8.72      0.00      2.56      0.00      0.00     88.72
10:46:05        all      5.08      0.00      2.03      0.00      0.00     92.89
10:46:06        all      5.05      0.00      2.53      0.00      0.00     92.42
10:46:07        all      3.02      0.00      1.51      0.00      0.00     95.48
10:46:08        all      4.02      0.00      3.02      0.00      0.00     92.96
10:46:09        all      3.03      0.00      1.52      0.00      0.00     95.45
10:46:10        all      1.55      0.00      1.55      0.00      0.00     96.89
10:46:11        all      5.50      0.00      3.00      2.00      0.00     89.50
10:46:12        all      6.00      0.00      3.00      0.00      0.00     91.00
10:46:13        all      3.02      0.00      2.51      0.00      0.00     94.47
10:46:14        all      4.06      0.00      2.03      0.00      0.00     93.91
10:46:15        all      2.51      0.00      2.01      0.00      0.00     95.48
10:46:16        all      5.42      0.00      2.96      0.00      0.00     91.63
10:46:17        all      2.56      0.00      1.03      0.00      0.00     96.41
10:46:18        all      3.98      0.00      2.49      0.00      0.00     93.53
10:46:19        all      3.03      0.00      4.04      0.00      0.00     92.93
10:46:20        all      3.05      0.00      2.54      0.00      0.00     94.42
10:46:21        all      5.56      0.00      3.54      0.00      0.00     90.91
10:46:22        all      4.59      0.00      2.04      4.08      0.00     89.29
10:46:23        all      3.05      0.00      3.05      0.00      0.00     93.91
10:46:24        all      4.02      0.00      1.01      0.00      0.00     94.97
10:46:25        all      3.98      0.00      2.49      0.00      0.00     93.53
10:46:26        all      4.10      0.00      2.05      0.00      0.00     93.85
10:46:27        all      2.99      0.00      3.98      0.00      0.00     93.03
10:46:28        all      4.06      0.00      2.54      0.00      0.00     93.40
10:46:29        all      3.00      0.00      4.00      0.00      0.00     93.00
10:46:30        all      4.00      0.00      8.00      0.00      0.00     88.00
10:46:31        all      5.58      0.00      3.05      0.00      0.00     91.37
10:46:32        all      5.05      0.00      3.03      0.00      0.00     91.92
10:46:33        all      4.00      0.00      2.50      0.00      0.00     93.50
10:46:34        all      4.06      0.00      4.06      0.00      0.00     91.88
10:46:35        all      2.99      0.00      3.98      0.00      0.00     93.03
10:46:36        all      3.55      0.00      3.05      0.00      0.00     93.40
10:46:37        all      3.98      0.00      1.49      0.00      0.00     94.53
10:46:38        all      2.56      0.00      1.54      0.00      0.00     95.90
10:46:39        all      4.00      0.00      2.50      0.00      0.00     93.50
10:46:40        all      5.08      0.00      2.54      0.00      0.00     92.39
10:46:41        all      5.50      0.00      3.00      0.00      0.00     91.50
10:46:42        all      4.52      0.00      3.02      0.00      0.00     92.46
10:46:43        all      3.05      0.00      3.55      0.00      0.00     93.40
10:46:44        all      4.62      0.00      1.54      0.00      0.00     93.85
10:46:45        all      5.56      0.00      2.02      0.00      0.00     92.42
10:46:46        all      6.06      0.00      3.54      0.00      0.00     90.40
10:46:47        all      4.06      0.00      3.05      3.05      0.00     89.85
10:46:48        all      3.02      0.00      3.02      0.00      0.00     93.97
10:46:49        all      4.10      0.00      2.05      0.00      0.00     93.85
