Linux 5.11.0-1022-azure (MsVM9) 	12/09/21 	_x86_64_	(2 CPU)

13:12:55        CPU     %user     %nice   %system   %iowait    %steal     %idle
13:12:56        all      5.18      0.00      2.07      0.00      0.00     92.75
13:12:57        all      4.98      0.00      2.99      0.50      0.00     91.54
13:12:58        all      2.55      0.00      1.53      0.00      0.00     95.92
13:12:59        all      4.10      0.00      2.05      0.00      0.00     93.85
13:13:00        all      1.52      0.00      2.02      0.00      0.00     96.46
13:13:01        all      7.46      0.00      2.99      0.00      0.00     89.55
13:13:02        all     68.16      0.00      5.97      0.00      0.00     25.87
13:13:03        all     37.56      0.00      3.55      0.00      0.00     58.88
13:13:04        all      3.61      0.00      1.03      0.00      0.00     95.36
13:13:05        all     18.59      0.00      7.04      4.02      0.00     70.35
13:13:06        all      5.56      0.00      1.52      0.00      0.00     92.93
13:13:07        all      4.52      0.00      2.01      3.52      0.00     89.95
13:13:08        all      9.00      0.00      6.00      2.50      0.00     82.50
13:13:09        all      5.50      0.00      2.50      0.00      0.00     92.00
13:13:10        all     14.21      0.00      4.06      4.57      0.00     77.16
13:13:11        all      4.98      0.00      2.49      0.00      0.00     92.54
13:13:12        all      9.23      0.00      3.59      5.64      0.00     81.54
13:13:13        all      4.55      0.00      4.55      0.00      0.00     90.91
13:13:14        all      4.98      0.00      3.48      0.00      0.00     91.54
13:13:15        all     12.31      0.00      3.59      5.13      0.00     78.97
13:13:16        all      4.50      0.00      2.50      0.00      0.00     93.00
13:13:17        all     14.93      0.00      3.98      3.98      0.00     77.11
13:13:18        all      5.50      0.00      4.50      0.00      0.00     90.00
13:13:19        all      9.50      0.00      5.00      4.50      0.00     81.00
13:13:20        all      9.23      0.00      1.03      0.51      0.00     89.23
13:13:21        all      3.55      0.00      3.05      0.00      0.00     93.40
13:13:22        all     12.06      0.00      5.53      6.53      0.00     75.88
13:13:23        all      4.50      0.00      2.00      0.00      0.00     93.50
13:13:24        all     13.57      0.00      6.03      3.02      0.00     77.39
13:13:25        all      8.25      0.00      3.09      0.00      0.00     88.66
13:13:26        all      4.95      0.00      3.47      0.00      0.00     91.58
13:13:27        all     11.79      0.00      6.15      4.62      0.00     77.44
13:13:28        all      2.05      0.00      2.05      0.00      0.00     95.90
13:13:29        all     36.87      0.00     14.14      5.05      0.00     43.94
13:13:30        all     17.86      0.00     17.86      3.06      0.00     61.22
13:13:31        all      9.50      0.00      3.00      3.50      0.00     84.00
13:13:32        all      4.93      0.00      5.42      0.99      0.00     88.67
13:13:33        all      4.08      0.00      1.53      0.00      0.00     94.39
13:13:34        all     17.35      0.00      6.12     12.76      0.00     63.78
13:13:35        all      5.58      0.00      3.05      0.00      0.00     91.37
13:13:36        all     13.64      0.00      4.55      6.06      0.00     75.76
13:13:37        all      5.05      0.00      1.52      0.00      0.00     93.43
13:13:38        all      2.55      0.00      2.55      0.00      0.00     94.90
13:13:39        all     11.82      0.00      5.42      3.94      0.00     78.82
13:13:40        all      4.10      0.00      1.54      0.00      0.00     94.36
13:13:41        all     16.16      0.00      7.07      5.05      0.00     71.72
13:13:42        all      3.03      0.00      3.03      0.00      0.00     93.94
13:13:43        all      9.50      0.00      5.50      4.50      0.00     80.50
13:13:44        all     13.78      0.00      5.10      0.00      0.00     81.12
13:13:45        all      6.12      0.00      2.55      0.00      0.00     91.33
13:13:46        all     12.76      0.00      6.12      3.57      0.00     77.55
13:13:47        all      3.52      0.00      2.01      0.00      0.00     94.47
13:13:48        all     11.06      0.00      5.03      6.03      0.00     77.89
13:13:49        all      5.91      0.00      2.46      0.00      0.00     91.63
13:13:50        all      3.03      0.00      3.03      1.01      0.00     92.93
13:13:51        all     11.79      0.00      5.64      3.08      0.00     79.49
13:13:52        all      3.06      0.00      1.02      0.00      0.00     95.92
13:13:53        all     14.57      0.00      7.04      4.52      0.00     73.87
13:13:54        all      3.06      0.00      3.06      0.00      0.00     93.88
13:13:55        all     10.95      0.00      6.47      5.47      0.00     77.11
13:13:56        all      5.53      0.00      3.02      0.00      0.00     91.46
13:13:57        all      5.03      0.00      3.52      0.00      0.00     91.46
13:13:58        all     12.12      0.00      5.05      4.04      0.00     78.79
13:13:59        all      3.98      0.00      2.99      0.00      0.00     93.03
13:14:00        all     12.00      0.00      6.50      6.50      0.00     75.00
13:14:01        all      4.59      0.00      1.53      0.00      0.00     93.88
13:14:02        all      4.50      0.00      2.50      1.00      0.00     92.00
13:14:03        all     13.20      0.00      4.57      3.55      0.00     78.68
13:14:04        all      4.06      0.00      1.52      0.00      0.00     94.42
13:14:05        all     17.35      0.00      5.61      3.57      0.00     73.47
13:14:06        all      5.47      0.00      2.99      0.00      0.00     91.54
13:14:07        all     10.66      0.00      4.57      6.09      0.00     78.68
13:14:08        all      6.19      0.00      2.58      0.00      0.00     91.24
13:14:09        all      6.03      0.00      1.51      0.00      0.00     92.46
13:14:10        all     12.24      0.00      5.61      5.61      0.00     76.53
13:14:11        all      5.97      0.00      1.49      0.00      0.00     92.54
13:14:12        all     13.13      0.00      4.55      4.55      0.00     77.78
13:14:13        all      5.08      0.00      1.02      0.00      0.00     93.91
13:14:14        all      5.56      0.00      2.02      2.02      0.00     90.40
13:14:15        all     13.57      0.00      4.02      3.52      0.00     78.89
13:14:16        all      4.62      0.00      1.54      0.00      0.00     93.85
13:14:17        all     12.76      0.00      4.59      5.61      0.00     77.04
13:14:18        all      2.03      0.00      3.05      0.00      0.00     94.92
13:14:19        all     10.15      0.00      6.09      4.06      0.00     79.70
13:14:20        all      5.47      0.00      3.48      0.00      0.00     91.04
13:14:21        all      5.47      0.00      3.98      0.00      0.00     90.55
13:14:22        all     12.94      0.00      5.47      4.48      0.00     77.11
13:14:23        all      2.97      0.00      3.47      0.00      0.00     93.56
13:14:24        all     12.12      0.00      5.56      5.05      0.00     77.27
13:14:25        all      6.93      0.00      4.46      0.00      0.00     88.61
13:14:26        all      7.54      0.00      4.52      4.02      0.00     83.92
13:14:27        all     10.40      0.00      3.96      1.49      0.00     84.16
13:14:28        all      3.05      0.00      2.54      0.00      0.00     94.42
13:14:29        all     14.43      0.00      3.98      5.97      0.00     75.62
13:14:30        all      5.08      0.00      5.58      0.00      0.00     89.34
13:14:31        all     15.08      0.00      5.53      8.54      0.00     70.85
13:14:32        all      6.12      0.00      3.06      3.57      0.00     87.24
13:14:33        all      5.05      0.00      4.04      0.00      0.00     90.91
13:14:34        all     14.87      0.00      5.13      7.69      0.00     72.31
13:14:35        all      8.59      0.00      3.03      0.00      0.00     88.38
13:14:36        all     13.64      0.00      6.06      4.55      0.00     75.76
13:14:37        all      5.58      0.00      2.54      0.00      0.00     91.88
13:14:38        all      5.45      0.00      2.97      0.99      0.00     90.59
13:14:39        all      9.00      0.00      5.50      3.50      0.00     82.00
13:14:40        all      3.55      0.00      3.05      0.00      0.00     93.40
13:14:41        all     15.23      0.00      4.06      5.08      0.00     75.63
13:14:42        all      2.05      0.00      1.03      0.00      0.00     96.92
13:14:43        all     12.38      0.00      4.46      4.46      0.00     78.71
13:14:44        all      4.04      0.00      3.54      0.00      0.00     92.42
13:14:45        all      6.57      0.00      2.53      0.00      0.00     90.91
13:14:46        all     12.06      0.00      5.53      7.04      0.00     75.38
13:14:47        all      4.52      0.00      1.51      0.00      0.00     93.97
13:14:48        all     13.20      0.00      6.09      5.08      0.00     75.63
13:14:49        all      5.47      0.00      2.49      0.00      0.00     92.04
13:14:50        all      7.18      0.00      3.59      4.10      0.00     85.13
13:14:51        all      6.50      0.00      3.00      1.00      0.00     89.50
13:14:52        all      3.05      0.00      2.03      0.00      0.00     94.92
13:14:53        all     11.11      0.00      6.57      6.06      0.00     76.26
13:14:54        all      2.05      0.00      2.05      0.00      0.00     95.90
13:14:55        all     10.55      0.00      4.52      6.53      0.00     78.39
13:14:56        all      5.61      0.00      2.04      0.00      0.00     92.35
13:14:57        all      6.63      0.00      4.08      0.00      0.00     89.29
13:14:58        all     11.56      0.00      6.03      3.52      0.00     78.89
13:14:59        all      4.04      0.00      2.02      0.00      0.00     93.94
13:15:00        all     12.12      0.00      3.54     20.20      0.00     64.14
13:15:01        all      5.08      0.00      2.03      0.00      0.00     92.89
13:15:02        all      4.04      0.00      2.53      0.00      0.00     93.43
13:15:03        all     12.94      0.00      6.97      5.47      0.00     74.63
13:15:04        all      4.08      0.00      2.04      0.00      0.00     93.88
13:15:05        all     16.24      0.00      5.58      5.08      0.00     73.10
13:15:06        all      5.05      0.00      2.53      0.00      0.00     92.42
13:15:07        all      4.02      0.00      3.02      2.01      0.00     90.95
13:15:08        all      9.28      0.00      2.06      3.09      0.00     85.57
13:15:09        all      3.54      0.00      3.03      0.00      0.00     93.43
13:15:10        all     11.11      0.00      8.59      4.55      0.00     75.76
13:15:11        all      5.45      0.00      2.48      0.00      0.00     92.08
13:15:12        all      9.64      0.00      4.57      5.08      0.00     80.71
13:15:13        all      8.04      0.00      4.02      0.00      0.00     87.94
13:15:14        all      5.56      0.00      2.02      0.00      0.00     92.42
13:15:15        all     14.78      0.00      3.94      5.42      0.00     75.86
13:15:16        all      4.57      0.00      2.03      0.00      0.00     93.40
13:15:17        all     16.42      0.00      7.96      4.98      0.00     70.65
13:15:18        all      2.00      0.00      3.00      0.00      0.00     95.00
13:15:19        all      7.54      0.00      3.52      2.01      0.00     86.93
13:15:20        all      9.00      0.00      5.50      3.00      0.00     82.50
13:15:21        all      5.45      0.00      3.47      0.00      0.00     91.09
13:15:22        all     13.78      0.00      3.57      5.61      0.00     77.04
13:15:23        all      4.08      0.00      1.53      0.00      0.00     94.39
13:15:24        all     11.79      0.00      5.13      3.59      0.00     79.49
13:15:25        all      6.63      0.00      2.55      0.00      0.00     90.82
13:15:26        all      4.57      0.00      1.52      0.00      0.00     93.91
13:15:27        all     12.94      0.00      4.48      4.98      0.00     77.61
13:15:28        all      3.98      0.00      2.99      0.00      0.00     93.03
13:15:29        all     18.59      0.00      8.04     11.06      0.00     62.31
13:15:30        all      3.55      0.00      7.61      0.00      0.00     88.83
13:15:31        all      5.58      0.00      2.03      3.55      0.00     88.83
13:15:32        all     10.15      0.00      6.09      3.55      0.00     80.20
13:15:33        all      3.55      0.00      2.54      0.00      0.00     93.91
13:15:34        all     11.56      0.00      5.03     21.61      0.00     61.81
13:15:35        all      6.06      0.00      2.02      0.00      0.00     91.92
13:15:36        all      4.57      0.00      1.52      0.00      0.00     93.91
13:15:37        all     19.10      0.00      7.54      5.03      0.00     68.34
13:15:38        all      3.02      0.00      2.51      0.00      0.00     94.47
13:15:39        all     15.31      0.00      5.10      7.14      0.00     72.45
13:15:40        all      6.12      0.00      3.57      0.00      0.00     90.31
13:15:41        all      7.00      0.00      4.00      0.00      0.00     89.00
13:15:42        all     13.13      0.00      5.56      9.09      0.00     72.22
13:15:43        all      3.50      0.00      3.00      0.00      0.00     93.50
13:15:44        all     16.84      0.00      4.59      4.08      0.00     74.49
13:15:45        all      6.34      0.00      4.39      0.00      0.00     89.27
13:15:46        all      5.56      0.00      4.04      3.03      0.00     87.37
13:15:47        all     11.39      0.00      4.95      6.93      0.00     76.73
13:15:48        all      1.53      0.00      2.55      0.00      0.00     95.92
13:15:49        all     17.41      0.00      7.96      5.97      0.00     68.66
13:15:50        all      2.51      0.00      4.52      0.00      0.00     92.96
13:15:51        all      4.17      0.00      2.08      2.60      0.00     91.15
13:15:52        all     10.61      0.00      5.05      3.03      0.00     81.31
13:15:53        all      5.97      0.00      1.99      0.00      0.00     92.04
13:15:54        all     13.50      0.00      5.50      6.00      0.00     75.00
13:15:55        all      4.06      0.00      2.03      0.00      0.00     93.91
13:15:56        all     10.26      0.00      6.15      6.67      0.00     76.92
13:15:57        all      7.50      0.00      3.00      0.00      0.00     89.50
13:15:58        all      4.04      0.00      1.52      0.00      0.00     94.44
13:15:59        all     11.68      0.00      3.55      4.57      0.00     80.20
13:16:00        all      3.55      0.00      1.52      0.00      0.00     94.92
13:16:01        all     11.92      0.00      3.63      4.15      0.00     80.31
13:16:02        all      3.00      0.00      3.50      0.00      0.00     93.50
13:16:03        all      7.46      0.00      2.49      5.47      0.00     84.58
13:16:04        all      9.05      0.00      5.03      3.02      0.00     82.91
13:16:05        all      5.64      0.00      1.54      0.00      0.00     92.82
13:16:06        all     16.58      0.00      6.53      4.52      0.00     72.36
13:16:07        all      3.52      0.00      1.51      0.00      0.00     94.97
13:16:08        all     11.22      0.00      4.08      4.59      0.00     80.10
13:16:09        all      7.11      0.00      2.03      0.00      0.00     90.86
13:16:10        all      3.54      0.00      2.53      0.00      0.00     93.94
13:16:11        all     14.43      0.00      4.48      5.97      0.00     75.12
13:16:12        all      3.05      0.00      1.52      0.00      0.00     95.43
13:16:13        all     18.59      0.00      5.03      7.54      0.00     68.84
13:16:14        all      2.55      0.00      1.02      0.00      0.00     96.43
13:16:15        all      5.56      0.00      2.53      2.02      0.00     89.90
13:16:16        all     11.00      0.00      4.50      3.50      0.00     81.00
13:16:17        all      6.93      0.00      2.97      0.00      0.00     90.10
13:16:18        all     12.12      0.00      5.56      4.04      0.00     78.28
13:16:19        all      3.00      0.00      2.50      0.00      0.00     94.50
13:16:20        all     12.18      0.00      6.09      5.58      0.00     76.14
13:16:21        all      6.40      0.00      3.45      0.00      0.00     90.15
13:16:22        all      2.05      0.00      2.56      0.00      0.00     95.38
13:16:23        all     11.94      0.00      4.48      5.47      0.00     78.11
13:16:24        all      5.45      0.00      3.47      0.00      0.00     91.09
13:16:25        all     16.67      0.00      5.05      4.04      0.00     74.24
13:16:26        all      5.58      0.00      2.03      0.00      0.00     92.39
13:16:27        all      8.50      0.00      5.00      4.00      0.00     82.50
13:16:28        all     10.89      0.00      6.44      7.92      0.00     74.75
13:16:29        all      3.54      0.00      3.54      0.00      0.00     92.93
13:16:30        all     11.50      0.00     12.00      8.00      0.00     68.50
13:16:31        all      1.55      0.00      2.07      0.00      0.00     96.37
13:16:32        all     10.55      0.00      4.02      4.52      0.00     80.90
13:16:33        all      5.56      0.00      3.54      0.00      0.00     90.91
13:16:34        all      5.56      0.00      3.54      0.00      0.00     90.91
13:16:35        all     17.68      0.00      8.08      5.56      0.00     68.69
13:16:36        all      4.55      0.00      3.03      0.00      0.00     92.42
13:16:37        all     19.60      0.00      6.53      5.53      0.00     68.34
13:16:38        all      5.13      0.00      3.08      0.00      0.00     91.79
13:16:39        all      3.00      0.00      2.50      0.00      0.00     94.50
13:16:40        all     11.39      0.00      7.92      4.46      0.00     76.24
13:16:41        all      5.50      0.00      3.00      0.00      0.00     91.50
13:16:42        all     10.05      0.00      6.03      5.03      0.00     78.89
13:16:43        all      4.00      0.00      2.00      0.00      0.00     94.00
13:16:44        all     10.77      0.00      3.59      5.13      0.00     80.51
13:16:45        all      9.50      0.00      2.00      0.00      0.00     88.50
13:16:46        all      5.56      0.00      2.02      0.00      0.00     92.42
13:16:47        all     12.63      0.00      5.56      5.05      0.00     76.77
13:16:48        all      3.03      0.00      1.01      0.00      0.00     95.96
13:16:49        all     12.44      0.00      5.70      9.33      0.00     72.54
13:16:50        all      5.05      0.00      2.02      0.00      0.00     92.93
13:16:51        all      3.00      0.00      2.00      0.00      0.00     95.00
13:16:52        all     14.21      0.00      8.63      5.58      0.00     71.57
13:16:53        all      5.42      0.00      3.45      0.00      0.00     91.13
13:16:54        all     11.68      0.00      5.58      5.58      0.00     77.16
13:16:55        all      4.57      0.00      1.52      0.00      0.00     93.91
13:16:56        all      7.11      0.00      2.54      4.06      0.00     86.29
13:16:57        all     11.68      0.00      3.55      1.52      0.00     83.25
13:16:58        all      4.93      0.00      3.45      0.00      0.00     91.63
13:16:59        all     13.64      0.00      3.54      4.04      0.00     78.79
13:17:00        all      3.98      0.00      2.49      0.00      0.00     93.53
13:17:01        all     16.18      0.00      8.82      3.92      0.00     71.08
13:17:02        all      4.52      0.00      1.01      0.00      0.00     94.47
13:17:03        all      2.53      0.00      2.53      0.51      0.00     94.44
13:17:04        all     12.56      0.00      6.03      5.53      0.00     75.88
13:17:05        all      5.42      0.00      5.42      0.00      0.00     89.16
13:17:06        all     13.33      0.00      6.67      5.64      0.00     74.36
13:17:07        all      4.59      0.00      2.04      0.00      0.00     93.37
13:17:08        all      9.14      0.00      4.57      5.08      0.00     81.22
13:17:09        all      7.04      0.00      2.51      0.00      0.00     90.45
13:17:10        all      4.04      0.00      2.02      0.00      0.00     93.94
13:17:11        all     13.13      0.00      4.55      5.56      0.00     76.77
13:17:12        all      4.55      0.00      1.52      0.00      0.00     93.94
13:17:13        all     13.43      0.00      6.47      4.48      0.00     75.62
13:17:14        all      3.54      0.00      2.53      0.00      0.00     93.94
13:17:15        all      7.35      0.00      3.43      2.94      0.00     86.27
13:17:16        all     12.18      0.00      3.05      1.52      0.00     83.25
13:17:17        all      6.03      0.00      3.52      0.00      0.00     90.45
13:17:18        all     14.29      0.00      4.93      4.93      0.00     75.86
13:17:19        all      2.56      0.00      1.54      0.00      0.00     95.90
13:17:20        all     11.06      0.00      6.03      5.03      0.00     77.89
13:17:21        all      8.00      0.00      4.00      0.00      0.00     88.00
13:17:22        all      3.06      0.00      2.04      0.00      0.00     94.90
13:17:23        all     14.65      0.00      2.02      6.57      0.00     76.77
13:17:24        all      4.06      0.00      4.06      0.00      0.00     91.88
13:17:25        all     14.80      0.00      8.16     13.27      0.00     63.78
13:17:26        all      4.57      0.00      2.03      0.00      0.00     93.40
13:17:27        all      7.07      0.00      3.54      3.03      0.00     86.36
13:17:28        all      7.61      0.00      5.58      3.05      0.00     83.76
13:17:29        all      5.53      0.00      3.02      0.00      0.00     91.46
13:17:30        all     13.07      0.00     11.56      5.53      0.00     69.85
13:17:31        all      3.54      0.00      3.03      0.00      0.00     93.43
13:17:32        all      9.64      0.00      5.08      5.58      0.00     79.70
13:17:33        all      8.04      0.00      2.51      0.00      0.00     89.45
13:17:34        all      4.02      0.00      3.52      0.00      0.00     92.46
13:17:35        all     15.08      0.00      5.53      4.02      0.00     75.38
13:17:36        all      5.47      0.00      1.99      0.00      0.00     92.54
13:17:37        all     13.71      0.00      6.09      7.11      0.00     73.10
13:17:38        all      5.10      0.00      2.04      0.00      0.00     92.86
13:17:39        all      4.50      0.00      1.50      1.50      0.00     92.50
13:17:40        all     11.86      0.00      4.12      5.15      0.00     78.87
13:17:41        all      8.29      0.00      2.44      0.00      0.00     89.27
13:17:42        all     11.56      0.00      5.03      5.03      0.00     78.39
13:17:43        all      4.00      0.00      2.00      0.00      0.00     94.00
13:17:44        all     11.34      0.00      4.64      4.64      0.00     79.38
13:17:45        all      7.61      0.00      2.03      0.00      0.00     90.36
13:17:46        all      4.10      0.00      2.05      0.00      0.00     93.85
13:17:47        all     13.00      0.00      4.50     10.00      0.00     72.50
13:17:48        all      2.55      0.00      2.55      0.00      0.00     94.90
13:17:49        all     13.57      0.00      5.03      7.04      0.00     74.37
13:17:50        all      4.57      0.00      4.06      0.00      0.00     91.37
13:17:51        all      5.00      0.00      2.50      0.00      0.00     92.50
13:17:52        all     11.73      0.00      2.55      5.10      0.00     80.61
13:17:53        all      5.47      0.00      3.48      0.00      0.00     91.04
13:17:54        all     14.07      0.00      7.54      5.53      0.00     72.86
13:17:55        all      5.53      0.00      2.01      0.00      0.00     92.46
13:17:56        all      9.60      0.00      2.53      3.03      0.00     84.85
13:17:57        all     11.62      0.00      5.05      1.52      0.00     81.82
13:17:58        all      3.52      0.00      1.01      0.00      0.00     95.48
13:17:59        all     11.06      0.00      4.52      7.04      0.00     77.39
13:18:00        all      2.50      0.00      3.00      0.00      0.00     94.50
13:18:01        all     14.21      0.00      5.08      3.05      0.00     77.66
13:18:02        all      3.52      0.00      4.52      0.00      0.00     91.96
13:18:03        all      5.53      0.00      1.01      0.00      0.00     93.47
13:18:04        all     12.50      0.00      6.00      4.50      0.00     77.00
13:18:05        all      7.00      0.00      4.50      0.00      0.00     88.50
13:18:06        all     11.79      0.00      5.13      6.67      0.00     76.41
13:18:07        all      4.48      0.00      2.99      0.00      0.00     92.54
13:18:08        all     10.26      0.00      2.56      4.10      0.00     83.08
13:18:09        all      8.54      0.00      3.02      1.01      0.00     87.44
13:18:10        all      5.05      0.00      3.03      0.00      0.00     91.92
13:18:11        all     14.43      0.00      3.61      6.19      0.00     75.77
13:18:12        all      2.53      0.00      3.03      0.00      0.00     94.44
13:18:13        all     14.72      0.00      3.55      7.11      0.00     74.62
13:18:14        all      3.98      0.00      3.48      0.00      0.00     92.54
13:18:15        all      5.53      0.00      1.01      0.00      0.00     93.47
13:18:16        all     13.85      0.00      5.13      5.64      0.00     75.38
13:18:17        all      8.29      0.00      3.41      0.00      0.00     88.29
13:18:18        all     11.68      0.00      6.09      5.08      0.00     77.16
13:18:19        all      2.00      0.00      3.50      0.00      0.00     94.50
13:18:20        all      6.50      0.00      5.50      3.50      0.00     84.50
13:18:21        all      7.14      0.00      5.61      1.53      0.00     85.71
13:18:22        all      3.05      0.00      1.02      0.00      0.00     95.94
13:18:23        all     12.06      0.00      9.05     12.56      0.00     66.33
13:18:24        all      4.57      0.00      3.05      0.00      0.00     92.39
13:18:25        all     13.43      0.00      7.96      4.48      0.00     74.13
13:18:26        all      6.53      0.00      4.02      0.00      0.00     89.45
13:18:27        all      4.04      0.00      2.02      0.00      0.00     93.94
13:18:28        all     10.71      0.00      5.10      7.14      0.00     77.04
13:18:29        all      5.05      0.00      2.53      0.00      0.00     92.42
13:18:30        all     13.27      0.00      9.69      4.59      0.00     72.45
13:18:31        all      2.02      0.00      3.03      0.00      0.00     94.95
13:18:32        all      8.12      0.00      3.55      5.08      0.00     83.25
13:18:33        all      8.63      0.00      4.06      1.02      0.00     86.29
13:18:34        all      3.05      0.00      2.54      0.00      0.00     94.42
13:18:35        all     12.56      0.00      5.53      5.03      0.00     76.88
13:18:36        all      3.55      0.00      1.02      0.00      0.00     95.43
13:18:37        all     14.14      0.00      6.06      4.04      0.00     75.76
13:18:38        all      5.05      0.00      2.02      0.00      0.00     92.93
13:18:39        all      4.04      0.00      2.02      1.52      0.00     92.42
13:18:40        all     10.66      0.00      6.09      4.06      0.00     79.19
13:18:41        all      6.03      0.00      1.51      0.00      0.00     92.46
13:18:42        all     11.46      0.00      4.69      6.77      0.00     77.08
13:18:43        all      2.55      0.00      1.53      0.00      0.00     95.92
13:18:44        all      8.21      0.00      4.62      3.59      0.00     83.59
13:18:45        all     10.78      0.00      3.43      1.96      0.00     83.82
13:18:46        all      5.58      0.00      1.02      0.00      0.00     93.40
13:18:47        all     11.86      0.00      3.09      4.64      0.00     80.41
13:18:48        all      2.53      0.00      3.03      0.00      0.00     94.44
13:18:49        all     14.14      0.00      3.54      4.55      0.00     77.78
13:18:50        all      4.55      0.00      1.52      0.00      0.00     93.94
13:18:51        all      4.50      0.00      1.50      1.00      0.00     93.00
13:18:52        all      7.58      0.00      6.06      3.54      0.00     82.83
13:18:53        all      4.06      0.00      4.06      0.00      0.00     91.88
13:18:54        all     12.24      0.00      4.08      4.59      0.00     79.08
13:18:55        all      5.97      0.00      2.49      0.00      0.00     91.54
13:18:56        all     11.79      0.00      4.10      5.64      0.00     78.46
13:18:57        all      7.50      0.00      5.00      2.00      0.00     85.50
13:18:58        all      3.54      0.00      1.52      0.00      0.00     94.95
13:18:59        all     16.08      0.00      5.03      7.54      0.00     71.36
13:19:00        all      2.54      0.00      4.06      0.00      0.00     93.40
13:19:01        all     23.27      0.00      8.42      3.96      0.00     64.36
13:19:02        all      5.03      0.00      5.03      0.00      0.00     89.95
13:19:03        all      3.02      0.00      2.51      0.00      0.00     94.47
13:19:04        all     12.06      0.00      6.03      5.03      0.00     76.88
13:19:05        all      7.46      0.00      3.48      0.00      0.00     89.05
13:19:06        all     13.20      0.00      6.60      5.08      0.00     75.13
13:19:07        all      5.00      0.00      2.00      0.00      0.00     93.00
13:19:08        all      3.52      0.00      4.02      2.01      0.00     90.45
13:19:09        all     15.50      0.00      5.00      2.00      0.00     77.50
13:19:10        all      3.52      0.00      3.52      0.00      0.00     92.96
13:19:11        all     12.12      0.00      6.06      5.56      0.00     76.26
13:19:12        all      2.54      0.00      1.02      0.00      0.00     96.45
13:19:13        all     12.18      0.00      5.58      5.08      0.00     77.16
13:19:14        all      2.55      0.00      1.02      0.00      0.00     96.43
13:19:15        all      6.03      0.00      1.01      0.00      0.00     92.96
13:19:16        all     14.36      0.00      3.08      4.62      0.00     77.95
13:19:17        all      7.92      0.00      3.96      0.00      0.00     88.12
13:19:18        all     11.17      0.00      5.58      5.58      0.00     77.66
13:19:19        all      3.02      0.00      2.01      0.00      0.00     94.97
13:19:20        all      6.63      0.00      4.08      4.08      0.00     85.20
13:19:21        all     12.06      0.00      5.53      6.53      0.00     75.88
13:19:22        all      3.50      0.00      2.00      0.00      0.00     94.50
13:19:23        all     11.86      0.00      4.12      6.19      0.00     77.84
13:19:24        all      2.54      0.00      2.54      0.00      0.00     94.92
13:19:25        all     12.94      0.00      5.47      8.46      0.00     73.13
13:19:26        all      7.50      0.00      2.50      0.00      0.00     90.00
13:19:27        all      5.56      0.00      2.53      0.00      0.00     91.92
13:19:28        all     10.61      0.00      5.05      4.55      0.00     79.80
13:19:29        all      3.50      0.00      6.00      0.00      0.00     90.50
13:19:30        all     10.58      0.00      8.99      6.35      0.00     74.07
13:19:31        all      2.55      0.00      2.04      0.00      0.00     95.41
13:19:32        all      5.03      0.00      3.52      3.02      0.00     88.44
13:19:33        all     10.05      0.00      5.53      3.02      0.00     81.41
13:19:34        all      3.54      0.00      2.53      0.00      0.00     93.94
13:19:35        all     16.58      0.00      3.02      7.04      0.00     73.37
13:19:36        all      4.02      0.00      3.02      0.00      0.00     92.96
13:19:37        all     17.41      0.00      8.46      4.48      0.00     69.65
13:19:38        all      3.55      0.00      3.05      0.00      0.00     93.40
13:19:39        all      3.02      0.00      1.51      0.00      0.00     95.48
13:19:40        all     14.58      0.00      3.65      4.69      0.00     77.08
13:19:41        all      5.00      0.00      3.00      0.00      0.00     92.00
13:19:42        all     11.79      0.00      5.64      3.59      0.00     78.97
13:19:43        all      3.52      0.00      1.51      0.00      0.00     94.97
13:19:44        all      6.12      0.00      3.06      2.55      0.00     88.27
13:19:45        all     13.00      0.00      3.00      2.00      0.00     82.00
13:19:46        all      5.10      0.00      1.53      0.00      0.00     93.37
13:19:47        all     13.57      0.00      6.53      4.52      0.00     75.38
13:19:48        all      3.03      0.00      1.52      0.00      0.00     95.45
13:19:49        all     12.56      0.00      5.53      4.52      0.00     77.39
13:19:50        all      4.04      0.00      2.02      0.00      0.00     93.94
13:19:51        all      2.02      0.00      3.54      0.00      0.00     94.44
13:19:52        all     11.62      0.00      5.05      5.05      0.00     78.28
13:19:53        all      4.48      0.00      3.48      0.00      0.00     92.04
13:19:54        all     12.63      0.00      3.54      5.05      0.00     78.79
13:19:55        all      4.52      0.00      1.51      0.00      0.00     93.97
13:19:56        all     11.62      0.00      4.04      4.04      0.00     80.30
13:19:57        all      7.58      0.00      3.03      0.00      0.00     89.39
13:19:58        all      1.51      0.00      3.52      0.00      0.00     94.97
13:19:59        all     12.44      0.00      5.97      4.48      0.00     77.11
13:20:00        all      3.05      0.00      2.03      0.00      0.00     94.92
13:20:01        all     15.15      0.00      5.05      5.05      0.00     74.75
13:20:02        all      3.55      0.00      1.52      0.00      0.00     94.92
13:20:03        all      6.60      0.00      2.03      2.54      0.00     88.83
13:20:04        all      8.12      0.00      6.09      1.02      0.00     84.77
13:20:05        all      5.53      0.00      4.02      0.00      0.00     90.45
13:20:06        all     15.00      0.00      3.00      4.00      0.00     78.00
13:20:07        all      4.98      0.00      1.99      0.00      0.00     93.03
13:20:08        all     12.69      0.00      6.09      6.09      0.00     75.13
13:20:09        all      6.93      0.00      3.47      0.00      0.00     89.60
13:20:10        all      5.05      0.00      3.03      0.00      0.00     91.92
13:20:11        all     12.82      0.00      5.13      4.10      0.00     77.95
13:20:12        all      3.54      0.00      3.03      0.00      0.00     93.43
13:20:13        all     21.11      0.00      8.54      3.52      0.00     66.83
13:20:14        all      7.22      0.00      2.58      0.00      0.00     90.21
13:20:15        all      5.13      0.00      2.56      3.08      0.00     89.23
13:20:16        all     14.78      0.00      5.91      2.46      0.00     76.85
13:20:17        all      5.08      0.00      3.55      0.00      0.00     91.37
13:20:18        all     16.15      0.00      4.17      9.38      0.00     70.31
13:20:19        all      4.52      0.00      0.50      0.00      0.00     94.97
13:20:20        all     11.22      0.00      3.06      5.61      0.00     80.10
13:20:21        all      7.54      0.00      4.02      0.00      0.00     88.44
13:20:22        all      2.99      0.00      2.49      0.00      0.00     94.53
13:20:23        all     13.20      0.00      6.09      7.11      0.00     73.60
13:20:24        all      3.50      0.00      2.50      0.00      0.00     94.00
13:20:25        all     14.80      0.00      6.12      3.57      0.00     75.51
13:20:26        all      4.08      0.00      1.53      0.00      0.00     94.39
13:20:27        all      7.04      0.00      2.51      3.02      0.00     87.44
13:20:28        all      8.63      0.00      4.06      2.03      0.00     85.28
13:20:29        all      5.56      0.00      3.03      0.00      0.00     91.41
13:20:30        all     11.79      0.00     11.28      4.10      0.00     72.82
13:20:31        all      3.98      0.00      2.49      0.00      0.00     93.53
13:20:32        all     11.28      0.00      4.62      5.64      0.00     78.46
13:20:33        all      6.44      0.00      3.96      0.00      0.00     89.60
13:20:34        all      2.50      0.00      2.00      0.00      0.00     95.50
13:20:35        all     15.23      0.00      3.55      5.08      0.00     76.14
13:20:36        all      5.05      0.00      2.02      0.00      0.00     92.93
13:20:37        all     14.51      0.00      6.22      4.15      0.00     75.13
13:20:38        all      4.52      0.00      1.51      0.00      0.00     93.97
13:20:39        all     11.00      0.00      4.00      4.50      0.00     80.50
13:20:40        all      5.08      0.00      2.03      1.52      0.00     91.37
13:20:41        all      5.47      0.00      3.48      0.00      0.00     91.04
13:20:42        all     11.73      0.00      3.06      6.63      0.00     78.57
13:20:43        all      3.06      0.00      3.06      0.00      0.00     93.88
13:20:44        all     11.56      0.00      5.03      5.53      0.00     77.89
13:20:45        all      6.00      0.00      3.00      1.50      0.00     89.50
13:20:46        all      2.56      0.00      2.05      1.03      0.00     94.36
13:20:47        all     13.64      0.00      4.55      7.07      0.00     74.75
13:20:48        all      1.03      0.00      3.09      0.00      0.00     95.88
13:20:49        all     13.57      0.00      4.52      5.03      0.00     76.88
13:20:50        all      3.02      0.00      2.01      0.00      0.00     94.97
13:20:51        all      5.64      0.00      5.64      6.67      0.00     82.05
13:20:52        all      4.55      0.00      3.54      1.52      0.00     90.40
13:20:53        all      5.10      0.00      3.06      0.00      0.00     91.84
13:20:54        all     11.39      0.00      6.93      4.46      0.00     77.23
13:20:55        all      6.09      0.00      1.52      0.00      0.00     92.39
13:20:56        all     13.27      0.00      4.08      4.59      0.00     78.06
13:20:57        all      5.05      0.00      3.03      0.00      0.00     91.92
13:20:58        all      4.12      0.00      2.58      2.06      0.00     91.24
13:20:59        all     14.07      0.00      5.03      4.02      0.00     76.88
13:21:00        all      5.05      0.00      2.02      0.00      0.00     92.93
13:21:01        all     13.54      0.00      3.65      5.73      0.00     77.08
13:21:02        all      2.54      0.00      3.55      0.00      0.00     93.91
13:21:03        all      8.50      0.00      4.50      4.50      0.00     82.50
13:21:04        all      4.64      0.00      2.06      0.00      0.00     93.30
13:21:05        all      7.50      0.00      3.00      0.00      0.00     89.50
13:21:06        all     14.72      0.00      7.11      6.09      0.00     72.08
13:21:07        all      5.42      0.00      2.96      0.00      0.00     91.63
13:21:08        all     14.36      0.00      6.93      4.95      0.00     73.76
13:21:09        all      6.83      0.00      3.90      0.00      0.00     89.27
13:21:10        all      2.05      0.00      2.56      1.54      0.00     93.85
13:21:11        all     12.00      0.00      4.50      3.00      0.00     80.50
13:21:12        all      2.53      0.00      3.03      0.00      0.00     94.44
13:21:13        all     12.89      0.00      3.61      5.15      0.00     78.35
13:21:14        all      2.99      0.00      2.99      0.00      0.00     94.03
13:21:15        all     14.43      0.00      6.47      6.47      0.00     72.64
13:21:16        all      5.08      0.00      3.55      3.05      0.00     88.32
13:21:17        all      7.07      0.00      2.02      0.00      0.00     90.91
13:21:18        all     11.50      0.00      5.50      7.50      0.00     75.50
13:21:19        all      3.02      0.00      1.51      0.00      0.00     95.48
13:21:20        all     11.79      0.00      4.62     10.77      0.00     72.82
13:21:21        all      7.07      0.00      3.03      0.00      0.00     89.90
13:21:22        all      2.02      0.00      3.03      0.00      0.00     94.95
13:21:23        all     10.50      0.00      6.50      7.50      0.00     75.50
13:21:24        all      3.02      0.00      2.01      0.00      0.00     94.97
13:21:25        all     15.66      0.00      7.07      6.06      0.00     71.21
13:21:26        all      4.59      0.00      0.51      0.00      0.00     94.90
13:21:27        all      6.57      0.00      2.53      3.03      0.00     87.88
13:21:28        all      9.18      0.00      6.12      2.04      0.00     82.65
13:21:29        all      6.47      0.00      3.98      0.00      0.00     89.55
13:21:30        all     17.41      0.00     13.93      2.99      0.00     65.67
13:21:31        all      2.53      0.00      2.02      0.00      0.00     95.45
13:21:32        all      9.33      0.00      4.66      6.22      0.00     79.79
13:21:33        all      7.35      0.00      5.88      0.49      0.00     86.27
13:21:34        all      2.50      0.00      2.50      0.00      0.00     95.00
13:21:35        all     14.43      0.00      4.12      7.73      0.00     73.71
13:21:36        all      5.47      0.00      3.98      0.00      0.00     90.55
13:21:37        all     19.19      0.00      4.04      4.55      0.00     72.22
13:21:38        all      2.49      0.00      2.99      0.00      0.00     94.53
13:21:39        all      4.04      0.00      2.02      1.01      0.00     92.93
13:21:40        all     10.05      0.00      5.53      3.02      0.00     81.41
13:21:41        all      5.00      0.00      5.00      0.00      0.00     90.00
13:21:42        all     13.13      0.00      3.54      5.56      0.00     77.78
13:21:43        all      3.50      0.00      2.50      0.00      0.00     94.00
13:21:44        all     12.94      0.00      3.48      4.48      0.00     79.10
13:21:45        all      6.97      0.00      3.98      0.00      0.00     89.05
13:21:46        all      4.10      0.00      1.54      0.00      0.00     94.36
13:21:47        all     13.43      0.00      5.47      4.98      0.00     76.12
13:21:48        all      2.54      0.00      3.05      0.00      0.00     94.42
13:21:49        all     19.19      0.00      7.07      3.54      0.00     70.20
13:21:50        all      2.99      0.00      1.99      0.00      0.00     95.02
13:21:51        all      5.08      0.00      3.05      2.54      0.00     89.34
13:21:52        all     15.38      0.00      3.59      3.59      0.00     77.44
13:21:53        all      4.00      0.00      4.00      0.00      0.00     92.00
13:21:54        all     14.57      0.00      7.04      9.05      0.00     69.35
13:21:55        all      2.51      0.00      3.52      0.00      0.00     93.97
13:21:56        all      8.59      0.00      2.02      7.58      0.00     81.82
13:21:57        all     16.00      0.00      5.50      2.50      0.00     76.00
13:21:58        all      4.50      0.00      2.00      0.00      0.00     93.50
13:21:59        all     10.71      0.00      5.61      3.06      0.00     80.61
13:22:00        all      2.03      0.00      2.54      0.00      0.00     95.43
13:22:01        all     13.57      0.00      7.54      5.53      0.00     73.37
13:22:02        all      3.52      0.00      2.01      0.00      0.00     94.47
13:22:03        all      3.54      0.00      2.53      0.00      0.00     93.94
13:22:04        all     12.44      0.00      4.98      5.97      0.00     76.62
13:22:05        all      6.44      0.00      5.45      0.00      0.00     88.12
13:22:06        all     13.64      0.00      5.56      6.06      0.00     74.75
13:22:07        all      3.03      0.00      2.02      0.00      0.00     94.95
13:22:08        all     10.61      0.00      4.55      4.55      0.00     80.30
13:22:09        all      6.15      0.00      3.59      0.51      0.00     89.74
13:22:10        all      4.43      0.00      3.45      0.00      0.00     92.12
13:22:11        all     16.75      0.00      3.05      5.58      0.00     74.62
13:22:12        all      3.03      0.00      2.53      0.51      0.00     93.94
13:22:13        all     13.20      0.00      8.63     11.17      0.00     67.01
13:22:14        all      3.48      0.00      2.49      0.00      0.00     94.03
13:22:15        all      2.03      0.00      2.03      2.54      0.00     93.40
13:22:16        all     14.50      0.00      5.50      7.50      0.00     72.50
13:22:17        all      5.56      0.00      3.03      0.00      0.00     91.41
13:22:18        all     13.13      0.00      5.56      6.06      0.00     75.25
13:22:19        all      2.53      0.00      2.02      0.00      0.00     95.45
13:22:20        all      7.22      0.00      3.61      4.12      0.00     85.05
13:22:21        all      7.50      0.00      4.50      0.50      0.00     87.50
13:22:22        all      3.55      0.00      1.02      0.00      0.00     95.43
13:22:23        all     10.55      0.00      6.03      6.03      0.00     77.39
13:22:24        all      3.02      0.00      2.01      0.00      0.00     94.97
13:22:25        all     16.08      0.00      7.04      4.02      0.00     72.86
13:22:26        all      3.55      0.00      2.03      0.00      0.00     94.42
13:22:27        all      3.06      0.00      2.04      3.57      0.00     91.33
13:22:28        all     13.33      0.00      3.59      6.15      0.00     76.92
13:22:29        all      6.03      0.00      1.01      0.00      0.00     92.96
13:22:30        all     13.78      0.00     12.24      4.59      0.00     69.39
13:22:31        all      4.02      0.00      2.01      0.00      0.00     93.97
13:22:32        all      7.22      0.00      3.09      3.61      0.00     86.08
13:22:33        all      8.16      0.00      3.57      1.02      0.00     87.24
13:22:34        all      3.03      0.00      1.52      0.00      0.00     95.45
13:22:35        all     11.62      0.00      5.05      5.56      0.00     77.78
13:22:36        all      4.59      0.00      2.55      0.00      0.00     92.86
13:22:37        all     14.50      0.00      7.00      5.50      0.00     73.00
13:22:38        all      3.54      0.00      1.52      0.00      0.00     94.95
13:22:39        all      3.03      0.00      2.53      0.00      0.00     94.44
13:22:40        all     13.00      0.00      6.50      6.50      0.00     74.00
13:22:41        all      6.97      0.00      1.99      0.00      0.00     91.04
13:22:42        all     12.44      0.00      6.22      7.25      0.00     74.09
13:22:43        all      3.55      0.00      2.54      0.00      0.00     93.91
13:22:44        all      4.46      0.00      3.96      3.96      0.00     87.62
13:22:45        all     28.64      0.00      6.03      2.51      0.00     62.81
13:22:46        all      3.55      0.00      1.52      0.00      0.00     94.92
13:22:47        all     14.51      0.00      4.15      4.66      0.00     76.68
13:22:48        all      3.05      0.00      2.54      0.00      0.00     94.42
13:22:49        all      9.90      0.00      6.93      3.47      0.00     79.70
13:22:50        all      8.12      0.00      4.57      1.52      0.00     85.79
13:22:51        all      2.53      0.00      2.53      0.00      0.00     94.95
13:22:52        all     11.39      0.00      6.44      5.94      0.00     76.24
13:22:53        all      4.06      0.00      2.54      0.00      0.00     93.40
13:22:54        all     10.15      0.00      6.09      3.55      0.00     80.20
13:22:55        all      4.02      0.00      3.02      0.00      0.00     92.96
13:22:56        all      5.50      0.00      4.00      0.00      0.00     90.50
13:22:57        all     15.42      0.00      5.47      6.97      0.00     72.14
13:22:58        all      3.59      0.00      2.05      0.00      0.00     94.36
13:22:59        all     10.61      0.00      5.56      8.08      0.00     75.76
13:23:00        all      4.00      0.00      2.00      0.00      0.00     94.00
13:23:01        all      8.08      0.00      4.55      3.54      0.00     83.84
13:23:02        all      9.64      0.00      3.55      2.03      0.00     84.77
13:23:03        all      3.00      0.00      2.50      0.00      0.00     94.50
13:23:04        all     11.68      0.00      5.08      4.06      0.00     79.19
13:23:05        all      7.54      0.00      3.52      0.00      0.00     88.94
13:23:06        all     11.28      0.00      3.08      5.13      0.00     80.51
13:23:07        all      5.03      0.00      2.01      0.00      0.00     92.96
13:23:08        all      4.57      0.00      0.51      0.00      0.00     94.92
13:23:09        all     13.93      0.00      5.97      6.97      0.00     73.13
13:23:10        all      3.06      0.00      2.04      0.00      0.00     94.90
13:23:11        all     15.38      0.00      6.15     12.82      0.00     65.64
13:23:12        all      2.50      0.00      2.50      0.00      0.00     95.00
13:23:13        all      5.50      0.00      3.50      4.00      0.00     87.00
13:23:14        all     12.18      0.00      4.57      5.08      0.00     78.17
13:23:15        all      3.59      0.00      1.03      0.00      0.00     95.38
13:23:16        all     13.85      0.00      4.10      4.62      0.00     77.44
13:23:17        all      5.47      0.00      4.98      0.00      0.00     89.55
13:23:18        all     11.00      0.00      4.50      5.00      0.00     79.50
13:23:19        all      4.00      0.00      2.00      0.00      0.00     94.00
13:23:20        all      2.05      0.00      1.54      0.00      0.00     96.41
13:23:21        all     13.13      0.00      6.06      5.05      0.00     75.76
13:23:22        all      3.00      0.00      2.50      0.00      0.00     94.50
13:23:23        all     11.50      0.00      5.50      6.00      0.00     77.00
13:23:24        all      1.52      0.00      3.55      0.00      0.00     94.92
13:23:25        all      7.04      0.00      5.03      3.52      0.00     84.42
13:23:26        all     10.71      0.00      4.08      1.53      0.00     83.67
13:23:27        all      6.03      0.00      4.52      0.00      0.00     89.45
13:23:28        all     13.20      0.00      6.60      4.57      0.00     75.63
13:23:29        all      6.06      0.00      3.03      0.00      0.00     90.91
13:23:30        all     14.57      0.00     18.59      4.52      0.00     62.31
13:23:31        all      4.52      0.00      2.01      0.00      0.00     93.47
13:23:32        all      1.52      0.00      3.05      0.00      0.00     95.43
13:23:33        all     13.13      0.00      5.56      4.55      0.00     76.77
13:23:34        all      2.54      0.00      3.05      1.02      0.00     93.40
13:23:35        all     13.20      0.00      4.57      7.61      0.00     74.62
13:23:36        all      4.06      0.00      2.54      0.00      0.00     93.40
13:23:37        all     10.89      0.00      4.95      2.97      0.00     81.19
13:23:38        all     11.56      0.00      5.03      1.51      0.00     81.91
13:23:39        all      4.06      0.00      1.52      0.00      0.00     94.42
13:23:40        all     13.85      0.00      5.64      6.15      0.00     74.36
13:23:41        all      4.50      0.00      3.50      0.00      0.00     92.00
13:23:42        all     10.10      0.00      5.05      4.04      0.00     80.81
13:23:43        all      3.09      0.00      2.06      0.00      0.00     94.85
13:23:44        all      3.03      0.00      2.53      0.00      0.00     94.44
13:23:45        all     13.07      0.00      5.53      5.03      0.00     76.38
13:23:46        all      4.06      0.00      1.02      0.00      0.00     94.92
13:23:47        all     12.94      0.00      4.98      4.48      0.00     77.61
13:23:48        all      4.52      0.00      2.51      0.00      0.00     92.96
13:23:49        all     13.92      0.00      5.15      4.12      0.00     76.80
13:23:50        all      5.61      0.00      3.06      0.51      0.00     90.82
13:23:51        all      1.51      0.00      3.02      0.00      0.00     95.48
13:23:52        all     16.92      0.00      6.47      3.98      0.00     72.64
13:23:53        all      4.00      0.00      3.50      0.00      0.00     92.50
13:23:54        all     11.34      0.00      3.09      6.19      0.00     79.38
13:23:55        all      4.52      0.00      2.01      0.00      0.00     93.47
13:23:56        all      5.47      0.00      2.99      0.00      0.00     91.54
13:23:57        all     17.91      0.00      6.97      4.48      0.00     70.65
13:23:58        all      3.55      0.00      2.03      0.00      0.00     94.42
13:23:59        all     12.00      0.00      4.50      5.00      0.00     78.50
13:24:00        all      4.04      0.00      2.02      0.00      0.00     93.94
13:24:01        all      9.69      0.00      6.63      3.57      0.00     80.10
13:24:02        all      4.52      0.00      2.51      0.00      0.00     92.96
13:24:03        all      3.05      0.00      2.54      0.00      0.00     94.42
13:24:04        all     10.95      0.00      5.97      5.97      0.00     77.11
13:24:05        all      5.56      0.00      2.53      0.00      0.00     91.92
13:24:06        all     12.63      0.00      8.08      4.55      0.00     74.75
13:24:07        all      4.52      0.00      2.51      0.00      0.00     92.96
13:24:08        all      7.07      0.00      4.55      3.54      0.00     84.85
13:24:09        all     12.94      0.00      6.47      8.96      0.00     71.64
13:24:10        all      3.03      0.00      2.02      0.00      0.00     94.95
13:24:11        all      9.84      0.00      4.15      6.22      0.00     79.79
13:24:12        all      3.03      0.00      2.53      0.00      0.00     94.44
13:24:13        all     13.27      0.00      4.59      6.63      0.00     75.51
13:24:14        all      4.04      0.00      3.03      0.00      0.00     92.93
13:24:15        all      3.55      0.00      1.02      0.00      0.00     95.43
13:24:16        all     12.37      0.00      2.58      5.15      0.00     79.90
13:24:17        all      8.46      0.00      1.99      0.00      0.00     89.55
13:24:18        all     16.83      0.00      5.94      5.94      0.00     71.29
13:24:19        all      2.04      0.00      4.08      0.00      0.00     93.88
13:24:20        all      7.58      0.00      5.56      4.04      0.00     82.83
13:24:21        all     12.69      0.00      6.09      1.52      0.00     79.70
13:24:22        all      4.04      0.00      4.04      0.00      0.00     91.92
13:24:23        all     10.26      0.00      3.59      5.64      0.00     80.51
13:24:24        all      3.54      0.00      2.53      0.00      0.00     93.94
13:24:25        all     12.63      0.00      6.57      4.55      0.00     76.26
13:24:26        all      3.55      0.00      1.02      0.00      0.00     95.43
13:24:27        all      3.06      0.00      2.04      0.00      0.00     94.90
13:24:28        all     12.63      0.00      4.55      4.55      0.00     78.28
13:24:29        all      6.47      0.00      4.48      0.00      0.00     89.05
13:24:30        all     13.37      0.00      8.91      4.95      0.00     72.77
13:24:31        all      1.53      0.00      2.55      0.00      0.00     95.92
13:24:32        all     14.43      0.00      4.48      4.48      0.00     76.62
13:24:33        all      6.09      0.00      2.03      0.00      0.00     91.88
13:24:34        all      4.48      0.00      3.48      0.00      0.00     92.04
13:24:35        all      8.95      0.00      2.63      5.79      0.00     82.63
13:24:36        all      5.97      0.00      2.49      0.00      0.00     91.54
13:24:37        all     14.57      0.00      7.54      6.03      0.00     71.86
13:24:38        all      3.05      0.00      2.03      0.00      0.00     94.92
13:24:39        all      3.59      0.00      2.05      1.54      0.00     92.82
13:24:40        all      8.67      0.00      4.59      3.06      0.00     83.67
13:24:41        all      5.50      0.00      3.50      0.00      0.00     91.00
13:24:42        all     11.79      0.00      3.59      5.13      0.00     79.49
13:24:43        all      2.54      0.00      2.03      0.00      0.00     95.43
13:24:44        all     12.50      0.00      5.00      4.50      0.00     78.00
13:24:45        all      7.04      0.00      3.02      1.51      0.00     88.44
13:24:46        all      3.54      0.00      2.53      0.00      0.00     93.94
13:24:47        all     12.56      0.00      4.52      5.53      0.00     77.39
13:24:48        all      6.03      0.00      1.51      0.00      0.00     92.46
13:24:49        all     13.85      0.00      5.64      5.13      0.00     75.38
13:24:50        all      2.53      0.00      3.03      0.00      0.00     94.44
13:24:51        all      5.13      0.00      2.05      3.59      0.00     89.23
13:24:52        all      8.00      0.00      5.50      2.50      0.00     84.00
13:24:53        all      4.02      0.00      3.52      0.00      0.00     92.46
13:24:54        all     11.06      0.00      4.02      6.03      0.00     78.89
13:24:55        all      3.03      0.00      2.02      0.00      0.00     94.95
13:24:56        all     12.50      0.00      5.00      5.50      0.00     77.00
13:24:57        all      7.58      0.00      4.55      0.00      0.00     87.88
13:24:58        all      4.48      0.00      2.99      0.00      0.00     92.54
13:24:59        all     11.92      0.00      3.63      6.22      0.00     78.24
13:25:00        all      4.95      0.00      2.48      0.00      0.00     92.57
13:25:01        all     13.20      0.00      6.60      7.61      0.00     72.59
13:25:02        all      2.97      0.00      3.96      0.00      0.00     93.07
13:25:03        all      4.52      0.00      3.02      1.51      0.00     90.95
13:25:04        all     10.15      0.00      3.05      2.54      0.00     84.26
13:25:05        all      4.06      0.00      3.05      0.00      0.00     92.89
13:25:06        all     23.20      0.00      8.25     11.34      0.00     57.22
13:25:07        all      4.08      0.00      1.53      0.00      0.00     94.39
13:25:08        all     11.17      0.00      4.57      5.08      0.00     79.19
13:25:09        all      8.04      0.00      3.52      0.00      0.00     88.44
13:25:10        all      4.04      0.00      1.52      0.00      0.00     94.44
13:25:11        all      9.79      0.00      6.19      6.70      0.00     77.32
13:25:12        all      3.50      0.00      2.50      0.00      0.00     94.00
13:25:13        all      9.09      0.00      9.09      6.57      0.00     75.25
13:25:14        all      5.00      0.00      1.50      0.00      0.00     93.50
13:25:15        all      2.99      0.00      3.48      0.00      0.00     93.53
13:25:16        all     12.56      0.00      4.52      4.52      0.00     78.39
13:25:17        all      5.67      0.00      2.06      0.00      0.00     92.27
13:25:18        all     12.81      0.00      6.40      4.43      0.00     76.35
13:25:19        all      2.51      0.00      2.51      0.00      0.00     94.97
13:25:20        all     12.56      0.00      6.03      5.03      0.00     76.38
13:25:21        all      6.60      0.00      3.55      2.54      0.00     87.31
13:25:22        all      3.94      0.00      2.96      0.00      0.00     93.10
13:25:23        all     16.49      0.00      4.64      7.22      0.00     71.65
13:25:24        all      2.02      0.00      1.52      0.00      0.00     96.46
13:25:25        all     13.71      0.00      6.09      5.58      0.00     74.62
13:25:26        all      4.06      0.00      2.54      0.00      0.00     93.40
13:25:27        all      5.05      0.00      3.03      0.00      0.00     91.92
13:25:28        all     15.46      0.00      4.12      5.15      0.00     75.26
13:25:29        all      4.57      0.00      2.54      0.00      0.00     92.89
13:25:30        all     12.06      0.00     10.05      5.03      0.00     72.86
13:25:31        all      2.53      0.00      1.52      0.00      0.00     95.96
13:25:32        all      8.16      0.00      2.55      3.06      0.00     86.22
13:25:33        all     11.00      0.00      4.50      1.50      0.00     83.00
13:25:34        all      3.50      0.00      2.00      0.00      0.00     94.50
13:25:35        all     11.62      0.00      3.54      6.06      0.00     78.79
13:25:36        all      4.52      0.00      3.02      0.00      0.00     92.46
13:25:37        all     12.50      0.00      6.50      5.00      0.00     76.00
13:25:38        all      4.57      0.00      2.54      0.00      0.00     92.89
13:25:39        all      2.53      0.00      2.02      0.00      0.00     95.45
13:25:40        all     11.68      0.00      4.06      4.57      0.00     79.70
13:25:41        all      5.58      0.00      1.52      0.00      0.00     92.89
13:25:42        all     11.62      0.00      5.56      5.56      0.00     77.27
13:25:43        all      3.03      0.00      2.02      0.00      0.00     94.95
13:25:44        all     12.87      0.00      3.96      5.94      0.00     77.23
13:25:45        all      7.46      0.00      3.48      0.00      0.00     89.05
13:25:46        all      3.55      0.00      2.54      0.00      0.00     93.91
13:25:47        all     13.20      0.00      3.05      4.06      0.00     79.70
13:25:48        all      4.59      0.00      1.02      0.00      0.00     94.39
13:25:49        all     12.89      0.00      7.22      5.67      0.00     74.23
13:25:50        all      4.00      0.00      2.50      0.00      0.00     93.50
13:25:51        all      3.98      0.00      4.48      1.00      0.00     90.55
13:25:52        all     10.66      0.00      3.05      3.05      0.00     83.25
13:25:53        all      4.55      0.00      2.53      0.00      0.00     92.93
13:25:54        all     10.26      0.00      6.15      5.13      0.00     78.46
13:25:55        all      3.55      0.00      1.52      0.00      0.00     94.92
13:25:56        all     12.31      0.00      5.13      4.62      0.00     77.95
13:25:57        all      7.69      0.00      1.03      0.00      0.00     91.28
13:25:58        all      4.48      0.00      2.49      0.00      0.00     93.03
13:25:59        all     14.80      0.00      3.57      5.61      0.00     76.02
13:26:00        all      3.45      0.00      3.45      0.00      0.00     93.10
13:26:01        all     17.35      0.00      4.08      4.08      0.00     74.49
13:26:02        all      4.06      0.00      1.52      0.00      0.00     94.42
13:26:03        all      5.50      0.00      4.50      3.00      0.00     87.00
13:26:04        all     11.44      0.00      7.96      6.47      0.00     74.13
13:26:05        all      5.53      0.00      3.02      0.00      0.00     91.46
13:26:06        all     13.71      0.00      6.09      5.58      0.00     74.62
13:26:07        all      4.02      0.00      2.01      0.00      0.00     93.97
13:26:08        all     12.00      0.00      6.00      7.50      0.00     74.50
13:26:09        all      7.29      0.00      3.12      0.00      0.00     89.58
13:26:10        all      2.51      0.00      3.02      0.00      0.00     94.47
13:26:11        all     12.44      0.00      6.47      4.48      0.00     76.62
13:26:12        all      5.00      0.00      5.00      0.00      0.00     90.00
13:26:13        all     16.84      0.00      7.14      6.12      0.00     69.90
13:26:14        all      5.00      0.00      2.00      0.00      0.00     93.00
13:26:15        all      3.55      0.00      2.03      0.00      0.00     94.42
13:26:16        all     13.27      0.00      4.59      4.59      0.00     77.55
13:26:17        all      6.15      0.00      3.08      0.00      0.00     90.77
13:26:18        all     11.79      0.00      4.10      5.13      0.00     78.97
13:26:19        all      3.55      0.00      1.52      0.00      0.00     94.92
13:26:20        all     10.05      0.00      4.02      5.03      0.00     80.90
13:26:21        all      7.25      0.00      2.07      1.04      0.00     89.64
13:26:22        all      3.50      0.00      1.50      0.00      0.00     95.00
13:26:23        all     11.62      0.00      5.05      3.54      0.00     79.80
13:26:24        all      4.43      0.00      2.46      0.00      0.00     93.10
13:26:25        all     12.56      0.00      6.03      7.04      0.00     74.37
13:26:26        all      5.00      0.00      3.00      0.00      0.00     92.00
13:26:27        all      4.52      0.00      2.51      2.01      0.00     90.95
13:26:28        all     12.56      0.00      3.52      3.02      0.00     80.90
13:26:29        all      7.61      0.00      2.54      0.00      0.00     89.85
13:26:30        all     13.00      0.00     12.50      4.00      0.00     70.50
13:26:31        all      3.52      0.00      1.51      0.00      0.00     94.97
13:26:32        all     11.11      0.00      4.55      5.05      0.00     79.29
13:26:33        all      7.04      0.00      3.02      0.50      0.00     89.45
13:26:34        all      2.54      0.00      2.54      0.00      0.00     94.92
13:26:35        all     14.07      0.00      4.02      7.54      0.00     74.37
13:26:36        all      5.00      0.00      4.00      0.00      0.00     91.00
13:26:37        all     14.80      0.00      4.59      3.57      0.00     77.04
13:26:38        all      4.50      0.00      2.50      0.00      0.00     93.00
13:26:39        all      3.54      0.00      2.53      2.53      0.00     91.41
13:26:40        all     10.61      0.00      5.05      3.03      0.00     81.31
13:26:41        all      6.03      0.00      2.01      0.00      0.00     91.96
13:26:42        all     11.73      0.00      5.10      5.61      0.00     77.55
13:26:43        all      2.49      0.00      3.48      0.00      0.00     94.03
13:26:44        all     10.77      0.00      4.10      7.18      0.00     77.95
13:26:45        all      5.05      0.00      3.03      0.00      0.00     91.92
13:26:46        all      4.02      0.00      2.51      0.00      0.00     93.47
13:26:47        all     13.20      0.00      3.05      5.08      0.00     78.68
13:26:48        all      5.53      0.00      2.51      0.00      0.00     91.96
13:26:49        all     15.74      0.00      5.08      7.11      0.00     72.08
13:26:50        all      2.49      0.00      3.48      0.00      0.00     94.03
13:26:51        all      9.64      0.00      5.08      4.57      0.00     80.71
13:26:52        all      7.54      0.00      2.51      0.00      0.00     89.95
13:26:53        all      4.59      0.00      3.06      0.00      0.00     92.35
13:26:54        all     12.18      0.00      3.55      7.11      0.00     77.16
13:26:55        all      4.55      0.00      2.53      0.00      0.00     92.93
13:26:56        all     13.30      0.00      4.93      5.42      0.00     76.35
13:26:57        all      5.53      0.00      3.52      0.00      0.00     90.95
13:26:58        all      3.59      0.00      2.05      1.03      0.00     93.33
13:26:59        all      8.59      0.00      4.55      4.04      0.00     82.83
13:27:00        all      3.55      0.00      2.03      0.00      0.00     94.42
13:27:01        all     18.00      0.00      7.50     13.50      0.00     61.00
13:27:02        all      1.52      0.00      3.03      0.00      0.00     95.45
13:27:03        all      8.67      0.00      5.61      6.12      0.00     79.59
13:27:04        all      4.48      0.00      1.99      0.00      0.00     93.53
13:27:05        all      6.44      0.00      2.97      0.00      0.00     90.59
13:27:06        all     11.56      0.00      5.53      8.04      0.00     74.87
13:27:07        all      5.13      0.00      1.54      0.00      0.00     93.33
13:27:08        all     13.27      0.00      5.10      6.12      0.00     75.51
13:27:09        all      4.55      0.00      2.53      1.52      0.00     91.41
13:27:10        all      3.06      0.00      1.53      1.02      0.00     94.39
13:27:11        all     10.55      0.00      5.53      6.53      0.00     77.39
13:27:12        all      3.54      0.00      1.52      0.51      0.00     94.44
13:27:13        all     12.06      0.00      6.53      5.53      0.00     75.88
13:27:14        all      3.06      0.00      2.55      0.00      0.00     94.39
13:27:15        all     11.06      0.00      4.02      5.03      0.00     79.90
13:27:16        all      5.50      0.00      3.00      0.00      0.00     91.50
13:27:17        all      6.57      0.00      3.54      0.00      0.00     89.90
13:27:18        all     13.86      0.00      4.95      5.94      0.00     75.25
13:27:19        all      3.48      0.00      3.48      0.00      0.00     93.03
13:27:20        all     13.07      0.00      4.52      5.53      0.00     76.88
13:27:21        all      3.03      0.00      4.04      0.00      0.00     92.93
13:27:22        all      5.47      0.00      1.99      1.49      0.00     91.04
13:27:23        all     12.06      0.00      4.52      4.02      0.00     79.40
13:27:24        all      3.02      0.00      3.02      0.00      0.00     93.97
13:27:25        all     14.80      0.00      6.63      5.10      0.00     73.47
13:27:26        all      4.08      0.00      1.53      0.00      0.00     94.39
13:27:27        all     13.85      0.00      2.56      4.10      0.00     79.49
13:27:28        all      5.53      0.00      2.51      0.00      0.00     91.96
13:27:29        all      6.09      0.00      2.03      0.00      0.00     91.88
13:27:30        all     10.77      0.00     11.79      4.10      0.00     73.33
13:27:31        all      4.02      0.00      2.01      0.00      0.00     93.97
13:27:32        all     17.82      0.00      6.93      3.47      0.00     71.78
13:27:33        all      4.52      0.00      2.51      0.00      0.00     92.96
13:27:34        all      4.55      0.00      1.52      1.01      0.00     92.93
13:27:35        all     11.06      0.00      4.52      4.02      0.00     80.40
13:27:36        all      3.54      0.00      3.03      0.00      0.00     93.43
13:27:37        all     16.33      0.00      5.61      3.57      0.00     74.49
13:27:38        all      3.55      0.00      1.52      0.00      0.00     94.92
13:27:39        all     10.89      0.00      5.45      5.94      0.00     77.72
13:27:40        all      4.55      0.00      2.53      0.00      0.00     92.93
13:27:41        all      5.56      0.00      2.02      0.00      0.00     92.42
13:27:42        all     13.71      0.00      4.06      5.58      0.00     76.65
13:27:43        all      2.51      0.00      2.01      0.00      0.00     95.48
13:27:44        all     12.44      0.00      4.15      5.18      0.00     78.24
13:27:45        all      6.03      0.00      2.51      0.00      0.00     91.46
13:27:46        all      5.58      0.00      4.06      4.06      0.00     86.29
13:27:47        all     14.87      0.00      4.10      1.03      0.00     80.00
13:27:48        all      3.55      0.00      3.05      0.00      0.00     93.40
13:27:49        all     30.05      0.00     11.40      4.15      0.00     54.40
13:27:50        all      3.52      0.00      1.51      0.00      0.00     94.97
13:27:51        all      8.00      0.00      4.00      4.00      0.00     84.00
13:27:52        all      8.08      0.00      3.03      1.52      0.00     87.37
13:27:53        all      4.02      0.00      2.51      0.00      0.00     93.47
13:27:54        all      9.79      0.00      5.67      6.19      0.00     78.35
13:27:55        all      4.08      0.00      1.53      0.00      0.00     94.39
13:27:56        all     11.00      0.00      6.00      5.00      0.00     78.00
13:27:57        all      6.60      0.00      4.06      0.00      0.00     89.34
13:27:58        all      5.03      0.00      2.51      2.01      0.00     90.45
13:27:59        all     15.08      0.00      7.04      9.55      0.00     68.34
13:28:00        all      4.02      0.00      3.02      0.00      0.00     92.96
13:28:01        all     14.51      0.00      5.70      5.70      0.00     74.09
13:28:02        all      3.55      0.00      1.02      0.00      0.00     95.43
13:28:03        all      6.12      0.00      4.08      5.61      0.00     84.18
13:28:04        all      8.25      0.00      3.09      1.55      0.00     87.11
13:28:05        all      5.61      0.00      1.53      0.00      0.00     92.86
13:28:06        all     11.79      0.00      5.64      5.13      0.00     77.44
13:28:07        all      5.61      0.00      1.53      0.00      0.00     92.86
13:28:08        all     15.35      0.00      6.93      4.95      0.00     72.77
13:28:09        all      4.48      0.00      5.47      0.00      0.00     90.05
13:28:10        all      4.98      0.00      1.99      0.00      0.00     93.03
13:28:11        all     12.76      0.00      3.57      5.10      0.00     78.57
13:28:12        all      3.02      0.00      3.02      0.00      0.00     93.97
13:28:13        all     13.57      0.00      7.54      6.03      0.00     72.86
13:28:14        all      3.52      0.00      2.01      0.00      0.00     94.47
13:28:15        all      4.06      0.00      3.05      1.52      0.00     91.37
13:28:16        all      9.55      0.00      5.03      2.01      0.00     83.42
13:28:17        all      6.97      0.00      2.99      0.00      0.00     90.05
13:28:18        all     12.12      0.00      5.56      5.56      0.00     76.77
13:28:19        all      4.06      0.00      1.52      0.00      0.00     94.42
13:28:20        all     11.50      0.00      3.50     12.00      0.00     73.00
13:28:21        all      7.04      0.00      4.02      0.00      0.00     88.94
13:28:22        all      3.03      0.00      2.02      0.00      0.00     94.95
13:28:23        all     15.31      0.00      6.12      3.57      0.00     75.00
13:28:24        all      4.00      0.00      1.50      0.00      0.00     94.50
13:28:25        all     15.23      0.00      5.58      6.60      0.00     72.59
13:28:26        all      3.08      0.00      1.03      0.00      0.00     95.90
13:28:27        all      5.05      0.00      1.52      1.01      0.00     92.42
13:28:28        all     13.13      0.00      5.56      3.03      0.00     78.28
13:28:29        all      5.64      0.00      3.59      0.00      0.00     90.77
13:28:30        all     13.00      0.00     10.00      5.00      0.00     72.00
13:28:31        all      3.06      0.00      1.02      0.00      0.00     95.92
13:28:32        all     12.12      0.00      6.06      5.05      0.00     76.77
13:28:33        all      4.57      0.00      2.54      0.00      0.00     92.89
13:28:34        all      3.50      0.00      3.50      0.00      0.00     93.00
13:28:35        all     12.95      0.00      8.29      4.66      0.00     74.09
13:28:36        all      3.06      0.00      2.55      0.00      0.00     94.39
13:28:37        all     12.18      0.00      7.11      4.57      0.00     76.14
13:28:38        all      3.52      0.00      2.51      0.00      0.00     93.97
13:28:39        all      4.52      0.00      2.51      2.51      0.00     90.45
13:28:40        all     11.73      0.00      3.57      2.04      0.00     82.65
13:28:41        all      6.09      0.00      3.05      0.00      0.00     90.86
13:28:42        all     10.66      0.00      4.06      4.57      0.00     80.71
13:28:43        all      4.00      0.00      4.00      0.00      0.00     92.00
13:28:44        all     11.22      0.00      3.57      4.59      0.00     80.61
13:28:45        all      7.04      0.00      3.02      0.00      0.00     89.95
13:28:46        all      2.51      0.00      3.52      0.00      0.00     93.97
13:28:47        all     13.71      0.00      4.06      5.58      0.00     76.65
13:28:48        all      5.08      0.00      2.03      0.00      0.00     92.89
13:28:49        all     14.65      0.00      4.55      6.06      0.00     74.75
13:28:50        all      4.00      0.00      3.00      0.00      0.00     93.00
13:28:51        all      8.21      0.00      3.59      3.08      0.00     85.13
13:28:52        all      6.60      0.00      3.05      1.02      0.00     89.34
13:28:53        all      4.52      0.00      3.52      0.00      0.00     91.96
13:28:54        all     11.68      0.00      4.06      4.57      0.00     79.70
13:28:55        all      3.98      0.00      2.49      0.00      0.00     93.53
13:28:56        all      4.52      0.00      4.02     17.59      0.00     73.87
13:28:57        all     17.50      0.00      8.50     10.00      0.00     64.00
13:28:58        all      3.59      0.00      1.03      0.00      0.00     95.38
13:28:59        all     13.78      0.00      4.59      7.65      0.00     73.98
13:29:00        all      3.03      0.00      2.02      0.00      0.00     94.95
13:29:01        all     12.12      0.00      4.04      3.54      0.00     80.30
13:29:02        all      7.54      0.00      4.02      0.50      0.00     87.94
13:29:03        all      3.52      0.00      3.02      0.00      0.00     93.47
13:29:04        all     35.08      0.00     11.52      4.19      0.00     49.21
13:29:05        all      5.94      0.00      5.45      0.00      0.00     88.61
13:29:06        all      3.55      0.00      3.05      0.00      0.00     93.40
13:29:07        all      4.57      0.00      2.54      0.00      0.00     92.89
13:29:08        all      4.46      0.00      3.47      0.00      0.00     92.08
13:29:09        all      6.53      0.00      2.01      0.00      0.00     91.46
13:29:10        all      5.00      0.00      2.50      0.00      0.00     92.50
13:29:11        all      3.94      0.00      3.94      0.00      0.00     92.12
13:29:12        all      3.48      0.00      2.99      0.00      0.00     93.53
13:29:13        all      3.98      0.00      3.48      0.00      0.00     92.54
13:29:14        all      3.52      0.00      3.02      0.00      0.00     93.47
13:29:15        all      2.99      0.00      3.48      0.00      0.00     93.53
13:29:16        all      4.50      0.00      2.50      0.00      0.00     93.00
13:29:17        all      5.45      0.00      3.47      0.00      0.00     91.09
13:29:18        all      4.12      0.00      1.55      0.00      0.00     94.33
13:29:19        all      6.60      0.00      2.03      0.00      0.00     91.37
13:29:20        all      2.04      0.00      2.55      0.00      0.00     95.41
13:29:21        all      5.97      0.00      3.48      0.00      0.00     90.55
13:29:22        all      2.54      0.00      2.54      0.51      0.00     94.42
13:29:23        all      4.64      0.00      2.06      0.52      0.00     92.78
13:29:24        all      2.53      0.00      1.52      0.00      0.00     95.96
13:29:25        all      5.97      0.00      2.99      0.00      0.00     91.04
13:29:26        all      2.02      0.00      3.03      0.00      0.00     94.95
13:29:27        all      4.08      0.00      1.53      0.00      0.00     94.39
13:29:28        all      7.58      0.00      4.04      0.00      0.00     88.38
13:29:29        all      5.03      0.00      3.52      0.00      0.00     91.46
13:29:30        all      4.50      0.00      7.00      0.00      0.00     88.50
13:29:31        all      2.53      0.00      2.53      0.00      0.00     94.95
13:29:32        all      4.48      0.00      1.49      0.00      0.00     94.03
13:29:33        all      3.50      0.00      2.00      0.00      0.00     94.50
13:29:34        all      2.55      0.00      1.53      1.02      0.00     94.90
13:29:35        all      4.48      0.00      2.49      0.00      0.00     93.03
13:29:36        all      4.10      0.00      2.05      0.00      0.00     93.85
13:29:37        all      7.04      0.00      1.51      0.00      0.00     91.46
13:29:38        all      4.02      0.00      2.01      0.00      0.00     93.97
13:29:39        all      5.47      0.00      2.99      0.00      0.00     91.54
13:29:40        all      4.52      0.00      1.51      0.00      0.00     93.97
13:29:41        all      5.03      0.00      3.02      0.00      0.00     91.96
13:29:42        all      2.54      0.00      1.02      0.00      0.00     96.45
13:29:43        all      5.45      0.00      2.97      0.00      0.00     91.58
13:29:44        all      5.47      0.00      3.48      0.00      0.00     91.04
13:29:45        all      4.50      0.00      3.50      0.00      0.00     92.00
13:29:46        all      2.51      0.00      2.51      0.00      0.00     94.97
13:29:47        all      4.46      0.00      2.48      0.00      0.00     93.07
13:29:48        all      5.53      0.00      3.02      0.00      0.00     91.46
13:29:49        all      6.53      0.00      3.02      0.00      0.00     90.45
13:29:50        all      3.54      0.00      2.53      0.00      0.00     93.94
13:29:51        all      2.01      0.00      2.51      0.00      0.00     95.48
13:29:52        all      4.00      0.00      1.50      0.00      0.00     94.50
13:29:53        all      5.03      0.00      3.52      0.00      0.00     91.46
13:29:54        all      3.96      0.00      2.97      0.00      0.00     93.07
13:29:55        all      3.54      0.00      2.53      0.00      0.00     93.94
13:29:56        all      3.52      0.00      1.01      0.00      0.00     95.48
13:29:57        all      4.52      0.00      2.51      0.00      0.00     92.96
13:29:58        all      2.50      0.00      2.00      0.00      0.00     95.50
13:29:59        all      4.06      0.00      1.02      0.51      0.00     94.42
