procs -----------memory---------- ---swap-- -----io---- -system-- ------cpu----- -----timestamp-----
 r  b   swpd   free   buff  cache   si   so    bi    bo   in   cs us sy id wa st                 UTC
 0  0      0 5119452 114256 1310360    0    0    67   103  400  461  6  3 90  1  0 2021-12-09 10:18:10
 0  0      0 5118704 114256 1310364    0    0     0     0  701 5696  5  3 92  0  0 2021-12-09 10:18:11
 0  0      0 5118452 114256 1310364    0    0     0     0  848 6239  4  2 94  0  0 2021-12-09 10:18:12
 0  1      0 5118452 114256 1310364    0    0     0    56  703 5896  3  4 92  0  0 2021-12-09 10:18:13
 9  0      0 5108112 114256 1310364    0    0     0     0  692 5923 10  3 87  0  0 2021-12-09 10:18:14
 2  0      0 5069808 114256 1310364    0    0     0     0  393 8859 69 11 20  0  0 2021-12-09 10:18:15
 0  0      0 5045552 114256 1310372    0    0     0     0  550 7141 64  7 29  0  0 2021-12-09 10:18:16
 0  0      0 5044796 114256 1310376    0    0     0    68  658 5290  5  2 93  0  0 2021-12-09 10:18:17
 4  1      0 5044292 114276 1310392    0    0     0   304  740 7966  7  4 87  3  0 2021-12-09 10:18:18
 0  0      0 5043536 114300 1310464    0    0     0   404 1374 10294 12  5 79  4  0 2021-12-09 10:18:19
 0  0      0 5042528 114300 1310464    0    0     0     4  878 6274  5  3 92  0  0 2021-12-09 10:18:20
 0  0      0 5042024 114352 1310572    0    0     0   716 1650 11419 11  7 78  5  0 2021-12-09 10:18:21
 0  0      0 5042024 114352 1310572    0    0     0     0 1068 7771  6  4 90  0  0 2021-12-09 10:18:22
 0  0      0 5042024 114352 1310572    0    0     0     0  910 6099  3  3 94  0  0 2021-12-09 10:18:23
 9  0      0 5042276 114396 1310668    0    0     0   720 1540 11301 13  5 76  6  0 2021-12-09 10:18:24
 1  0      0 5042276 114396 1310676    0    0     0     0  689 5654  3  3 94  0  0 2021-12-09 10:18:25
 0  0      0 5041528 114444 1310780    0    0     0   732 1289 11099 17  7 70  5  0 2021-12-09 10:18:26
 0  0      0 5041260 114444 1310780    0    0     0     0  762 5739  6  2 92  0  0 2021-12-09 10:18:27
 1  0      0 5040260 114444 1310780    0    0     0     0  622 5276  4  3 93  0  0 2021-12-09 10:18:28
13  0      0 5041260 114472 1310872    0    0     0   696 1563 12000 13  5 77  4  0 2021-12-09 10:18:29
 0  0      0 5041268 114472 1310872    0    0     0     0 1363 8943  4  8 88  0  0 2021-12-09 10:18:30
procs -----------memory---------- ---swap-- -----io---- -system-- ------cpu----- -----timestamp-----
 r  b   swpd   free   buff  cache   si   so    bi    bo   in   cs us sy id wa st                 UTC
 1  0      0 5041268 114524 1310984    0    0     0   700 1794 11815 12  5 79  5  0 2021-12-09 10:18:31
 0  0      0 5041268 114524 1310984    0    0     0     4  649 5403  5  4 91  0  0 2021-12-09 10:18:32
 0  0      0 5041268 114524 1310992    0    0     0     0  653 5056  4  4 93  0  0 2021-12-09 10:18:33
 0  0      0 5041016 114568 1311096    0    0     0   744 1657 11183 10  8 77  5  0 2021-12-09 10:18:34
 0  0      0 5040764 114568 1311096    0    0     0     0  603 5104  3  2 95  0  0 2021-12-09 10:18:35
 0  0      0 5040008 114592 1311184    0    0     0   708 1611 11641 14  6 75  4  0 2021-12-09 10:18:36
 0  0      0 5040008 114592 1311188    0    0     0     0  747 6751 13  4 83  0  0 2021-12-09 10:18:37
 0  0      0 5040008 114592 1311188    0    0     0     4  804 5711  3  3 94  0  0 2021-12-09 10:18:38
 0  0      0 5039504 114620 1311292    0    0     0   744 1634 11215 12  5 78  4  0 2021-12-09 10:18:39
 0  0      0 5039504 114620 1311292    0    0     0     0  680 5072  4  2 94  0  0 2021-12-09 10:18:40
 0  0      0 5039504 114648 1311400    0    0     0   712 1347 11669 15  3 79  4  0 2021-12-09 10:18:41
 0  0      0 5039000 114648 1311404    0    0     0     0 1010 6592  7  1 92  0  0 2021-12-09 10:18:42
 0  0      0 5038748 114648 1311404    0    0     0    28  933 6190  4  3 92  0  0 2021-12-09 10:18:43
 0  0      0 5039000 114696 1311512    0    0     0   748 1378 11334 13  5 76  5  0 2021-12-09 10:18:44
 0  0      0 5039252 114696 1311512    0    0     0     0  901 5982  4  3 94  0  0 2021-12-09 10:18:45
11  0      0 5039236 114736 1311528    0    0     0   664 1175 8916 13  4 79  5  0 2021-12-09 10:18:46
 1  0      0 5038984 114736 1311612    0    0     0    44  886 6615  8  2 90  0  0 2021-12-09 10:18:47
 2  0      0 5038228 114736 1311612    0    0     0    80  832 6376  4  4 92  0  0 2021-12-09 10:18:48
 0  0      0 5038228 114772 1311720    0    0     0   776 1426 10141 11  6 66 18  0 2021-12-09 10:18:49
 0  0      0 5038228 114772 1311728    0    0     0     4  733 6171  7  3 90  0  0 2021-12-09 10:18:50
 0  0      0 5038984 114772 1311728    0    0     0     0 1126 8099  4  4 92  0  0 2021-12-09 10:18:51
procs -----------memory---------- ---swap-- -----io---- -system-- ------cpu----- -----timestamp-----
 r  b   swpd   free   buff  cache   si   so    bi    bo   in   cs us sy id wa st                 UTC
 1  0      0 5038220 114832 1311828    0    0     0   736 1227 9837 11  7 78  4  0 2021-12-09 10:18:52
 0  0      0 5038220 114832 1311828    0    0     0   260  687 5111  3  3 94  0  0 2021-12-09 10:18:53
 0  0      0 5038220 114872 1311916    0    0     0   760 1266 10233 13  6 78  4  0 2021-12-09 10:18:54
 0  0      0 5038220 114872 1311916    0    0     0     0  993 6719  6  3 91  0  0 2021-12-09 10:18:55
 0  0      0 5036960 114872 1311916    0    0     0     4  751 5831  9  3 89  0  0 2021-12-09 10:18:56
 0  0      0 5037968 114928 1312024    0    0     0   744 1623 11847 16  5 75  5  0 2021-12-09 10:18:57
 0  0      0 5037968 114928 1312032    0    0     0     0  763 6259  7  3 90  0  0 2021-12-09 10:18:58
 8  1      0 5037968 114956 1312044    0    0     0   676 1124 9458 15  6 75  4  0 2021-12-09 10:18:59
 0  0      0 5037968 114956 1312128    0    0     0    36  928 7509  8  4 89  0  0 2021-12-09 10:19:00
 0  0      0 5037708 114956 1312128    0    0     0     0  775 5659  4  2 94  0  0 2021-12-09 10:19:01
 8  0      0 5037724 114996 1312236    0    0     0   796 1674 12295 13  7 76  4  0 2021-12-09 10:19:02
 0  0      0 5037716 114996 1312236    0    0     0     0  562 4658  3  2 95  0  0 2021-12-09 10:19:03
 8  0      0 5037716 115024 1312264    0    0     0   424  983 8986  7  5 85  3  0 2021-12-09 10:19:04
10  0      0 5037716 115036 1312332    0    0     0   296 1188 9396  7  3 89  1  0 2021-12-09 10:19:05
 0  0      0 5038220 115036 1312340    0    0     0     0  925 6850  9  3 89  0  0 2021-12-09 10:19:06
 0  0      0 5037968 115088 1312448    0    0     0   752 1636 11364 11  4 70 15  0 2021-12-09 10:19:07
 0  0      0 5037968 115088 1312448    0    0     0     4  861 5992  5  1 94  0  0 2021-12-09 10:19:08
 0  0      0 5037968 115088 1312448    0    0     0     0 1072 7014  4  2 95  0  0 2021-12-09 10:19:09
 0  0      0 5037692 115172 1312596    0    0     0  1752 1860 12836 15  7 68 10  0 2021-12-09 10:19:10
 0  0      0 5037464 115172 1312736    0    0     0     0  752 6057  4  3 92  0  0 2021-12-09 10:19:11
 0  0      0 5037212 115196 1312816    0    0     0   768 1233 10065 11  4 79  6  0 2021-12-09 10:19:12
procs -----------memory---------- ---swap-- -----io---- -system-- ------cpu----- -----timestamp-----
 r  b   swpd   free   buff  cache   si   so    bi    bo   in   cs us sy id wa st                 UTC
 1  0      0 5036960 115196 1312820    0    0     0    24  867 6346  6  2 92  0  0 2021-12-09 10:19:13
 0  0      0 5036456 115196 1312828    0    0     0     4  963 6426  3  4 93  0  0 2021-12-09 10:19:14
 0  0      0 5036708 115216 1312936    0    0     0   788 1202 11136 11  6 78  5  0 2021-12-09 10:19:15
 2  0      0 5036708 115216 1312936    0    0     0     0  519 5642  9  4 87  0  0 2021-12-09 10:19:16
 2  0      0 5036204 115260 1313032    0    0     0   716 1316 11199 10  3 83  4  0 2021-12-09 10:19:17
 1  0      0 5036204 115260 1313032    0    0     0    28  778 6085  8  2 90  0  0 2021-12-09 10:19:18
 5  0      0 5038472 115260 1309936    0    0     0     0  707 5462  3  3 94  0  0 2021-12-09 10:19:19
 2  0      0 5037716 115320 1310044    0    0     0   776 1476 12005 11  6 76  8  0 2021-12-09 10:19:20
 1  0      0 5037968 115320 1310044    0    0     0     0  940 6928  3  2 95  0  0 2021-12-09 10:19:21
 0  1      0 5037968 115336 1310072    0    0     0   204  997 7286  6  2 83  9  0 2021-12-09 10:19:22
 0  0      0 5037968 115364 1310140    0    0     0   580 1579 10531 13  5 80  3  0 2021-12-09 10:19:23
 0  0      0 5037968 115364 1310140    0    0     0     0  596 5019  4  2 95  0  0 2021-12-09 10:19:24
 9  0      0 5037464 115416 1310252    0    0     0   740 1282 10593 12  5 79  5  0 2021-12-09 10:19:25
 0  0      0 5039228 115416 1310256    0    0     0     4 1119 8393  9  4 87  0  0 2021-12-09 10:19:26
 0  0      0 5039228 115416 1310256    0    0     0     0  812 6151  4  3 94  0  0 2021-12-09 10:19:27
 0  0      0 5039228 115460 1310340    0    0     0   720 1411 10694 14  5 77  4  0 2021-12-09 10:19:28
 0  0      0 5039480 115460 1310340    0    0     0   332  824 6570  4  3 93  1  0 2021-12-09 10:19:29
 0  0      0 5039480 115504 1310428    0    0     0   724 1392 12703 13 12 70  6  0 2021-12-09 10:19:30
 1  0      0 5039480 115504 1310436    0    0     0     0 1039 7118  7  3 90  0  0 2021-12-09 10:19:31
 0  0      0 5039228 115504 1310436    0    0     0     4  820 5890  3  2 95  0  0 2021-12-09 10:19:32
 0  0      0 5039480 115540 1310540    0    0     0   764 1484 10393 11  5 79  5  0 2021-12-09 10:19:33
procs -----------memory---------- ---swap-- -----io---- -system-- ------cpu----- -----timestamp-----
 r  b   swpd   free   buff  cache   si   so    bi    bo   in   cs us sy id wa st                 UTC
 1  0      0 5039480 115540 1310540    0    0     0     0  770 6017  3  4 94  0  0 2021-12-09 10:19:34
 0  0      0 5038976 115580 1310632    0    0     0   692 1553 11164 12  7 77  5  0 2021-12-09 10:19:35
 0  0      0 5038976 115580 1310636    0    0     0     0 1029 7092  7  4 89  0  0 2021-12-09 10:19:36
 1  0      0 5038968 115580 1310636    0    0     0     0  808 5324  3  2 95  0  0 2021-12-09 10:19:37
 0  0      0 5036676 115632 1310740    0    0     0   784 1392 11952 13  7 77  4  0 2021-12-09 10:19:38
 1  0      0 5036424 115632 1310748    0    0     0     0  865 6557  6  2 93  0  0 2021-12-09 10:19:39
 0  0      0 5036424 115660 1310832    0    0     0   672 1425 10602 12  8 76  5  0 2021-12-09 10:19:40
 0  0      0 5036172 115660 1310836    0    0     0     0  791 6431  7  3 91  0  0 2021-12-09 10:19:41
 0  0      0 5035920 115660 1310836    0    0     0     0  797 6282  4  3 93  0  0 2021-12-09 10:19:42
 0  0      0 5035416 115704 1310948    0    0     0   756 1504 11881 16 10 69  5  0 2021-12-09 10:19:43
 0  0      0 5035668 115704 1310948    0    0     0    28  979 7317  6  4 90  0  0 2021-12-09 10:19:44
 3  1      0 5035416 115728 1310964    0    0     0   700 1206 8835  9  4 83  3  0 2021-12-09 10:19:45
 0  0      0 5035416 115728 1311036    0    0     0    56  929 7145  9  4 87  0  0 2021-12-09 10:19:46
 0  0      0 5035164 115728 1311044    0    0     0     0  636 5430  4  2 94  0  0 2021-12-09 10:19:47
 0  0      0 5034400 115744 1311148    0    0     0   764 1353 10604 12  7 77  4  0 2021-12-09 10:19:48
 1  0      0 5033896 115744 1311148    0    0     0    28  926 7035  5  3 92  0  0 2021-12-09 10:19:49
 3  1      0 5033392 115752 1311192    0    0     0   544 1309 9675 10  4 83  4  0 2021-12-09 10:19:50
 0  0      0 5034936 115760 1311260    0    0     0   232 1218 9109  9  2 79 11  0 2021-12-09 10:19:51
 0  0      0 5035944 115760 1311260    0    0     0     0  995 7278  7  3 90  0  0 2021-12-09 10:19:52
 0  0      0 5035944 115776 1311352    0    0     0   676 1295 9551 11  4 82  4  0 2021-12-09 10:19:53
 0  0      0 5035960 115776 1311356    0    0     0     0  835 5939  5  4 92  0  0 2021-12-09 10:19:54
procs -----------memory---------- ---swap-- -----io---- -system-- ------cpu----- -----timestamp-----
 r  b   swpd   free   buff  cache   si   so    bi    bo   in   cs us sy id wa st                 UTC
 1  0      0 5035692 115776 1311360    0    0     0     0  777 6482  4  3 93  0  0 2021-12-09 10:19:55
 0  0      0 5035440 115796 1311460    0    0     0   748 1234 9934 16  4 74  6  0 2021-12-09 10:19:56
 0  0      0 5035440 115796 1311460    0    0     0     0  944 6805  4  3 93  0  0 2021-12-09 10:19:57
 0  0      0 5035944 115824 1311548    0    0     0   708 1584 11676 11  6 79  4  0 2021-12-09 10:19:58
 0  0      0 5036196 115824 1311548    0    0     0    68  841 6200  6  3 91  0  0 2021-12-09 10:19:59
 3  0      0 5036196 115824 1311548    0    0     0     0  470 4488  4  1 94  0  0 2021-12-09 10:20:00
 0  1      0 5064168 115876 1311652    0    0     0   768 1365 10580 15  6 74  6  0 2021-12-09 10:20:01
 0  0      0 5064168 115876 1311656    0    0     0     4  910 6695  5  4 90  0  0 2021-12-09 10:20:02
 0  0      0 5064168 115908 1311720    0    0     0   720 1387 10546 11  6 78  6  0 2021-12-09 10:20:03
 0  0      0 5063412 115908 1311760    0    0     0   284  680 5783  6  3 91  0  0 2021-12-09 10:20:04
 2  0      0 5063160 115908 1311760    0    0     0     0  760 6007  3  3 94  0  0 2021-12-09 10:20:05
 0  0      0 5063160 115956 1311844    0    0     0   772 1753 12646 17  6 73  5  0 2021-12-09 10:20:06
 2  0      0 5063160 115956 1311844    0    0     0     0 1068 7017  5  4 91  0  0 2021-12-09 10:20:07
 7  1      0 5063160 115960 1311904    0    0     0   564 1047 9081 13  4 80  3  0 2021-12-09 10:20:08
 0  0      0 5062908 115968 1311952    0    0     0   148  948 7345  8  4 87  1  0 2021-12-09 10:20:09
 2  0      0 5062656 115968 1311952    0    0     0     0  742 5561  4  4 93  0  0 2021-12-09 10:20:10
 1  0      0 5062620 116024 1312044    0    0     0   740 1349 11621 14  5 77  4  0 2021-12-09 10:20:11
 0  0      0 5062656 116024 1312048    0    0     0     0  872 5636  3  3 94  0  0 2021-12-09 10:20:12
 6  1      0 5062656 116040 1312032    0    0     0   132  669 5739  4  3 91  1  0 2021-12-09 10:20:13
 0  0      0 5063160 116068 1312160    0    0     0   632 1496 9764 12  5 78  5  0 2021-12-09 10:20:14
 1  0      0 5063916 116068 1312160    0    0     0    20  956 6920  4  4 92  0  0 2021-12-09 10:20:15
procs -----------memory---------- ---swap-- -----io---- -system-- ------cpu----- -----timestamp-----
 r  b   swpd   free   buff  cache   si   so    bi    bo   in   cs us sy id wa st                 UTC
 1  0      0 5063916 116124 1312264    0    0     0   756 1529 10789 14  6 76  3  0 2021-12-09 10:20:16
 0  0      0 5063664 116124 1312264    0    0     0     0  888 6732  5  3 92  0  0 2021-12-09 10:20:17
 0  0      0 5063412 116124 1312264    0    0     0     0  792 5595  6  2 92  0  0 2021-12-09 10:20:18
 0  0      0 5060084 116168 1312404    0    0     0   724 1592 11910 13  5 77  6  0 2021-12-09 10:20:19
 0  0      0 5060104 116172 1312412    0    0     0    40  802 5373  5  3 92  0  0 2021-12-09 10:20:20
 1  0      0 5060104 116200 1312512    0    0     0   720 1491 10945 10  5 79  6  0 2021-12-09 10:20:21
 0  0      0 5059600 116200 1312568    0    0    56     0  842 7076  8  3 90  0  0 2021-12-09 10:20:22
 0  0      0 5059600 116200 1312568    0    0     0     0  813 6700  5  3 93  0  0 2021-12-09 10:20:23
 0  0      0 5059600 116260 1312676    0    0     0   764 1316 10984 13  7 77  5  0 2021-12-09 10:20:24
 0  0      0 5059600 116260 1312676    0    0     0     0  728 5775  6  3 92  0  0 2021-12-09 10:20:25
 1  0      0 5059096 116296 1312796    0    0     0   752 1422 9520 13  6 76  6  0 2021-12-09 10:20:26
 0  0      0 5058592 116296 1312800    0    0     0     0  773 5885  5  2 94  0  0 2021-12-09 10:20:27
 0  0      0 5058592 116296 1312808    0    0     0     0 1133 7608  7  3 90  0  0 2021-12-09 10:20:28
 0  0      0 5059580 116332 1312912    0    0     0   752 1690 12825 16  6 75  4  0 2021-12-09 10:20:29
 0  0      0 5059348 116332 1312912    0    0     0     0 1323 8650  6  5 89  0  0 2021-12-09 10:20:30
 0  0      0 5059096 116360 1313028    0    0     0   724 1270 10253 17  5 74  5  0 2021-12-09 10:20:31
 0  0      0 5059096 116360 1313028    0    0     0     4  780 5989  5  4 91  0  0 2021-12-09 10:20:32
 0  0      0 5059096 116360 1313028    0    0     0     0 1018 6405  5  4 92  0  0 2021-12-09 10:20:33
 0  0      0 5058844 116380 1313128    0    0     0   708 1868 12885 17  8 69  6  0 2021-12-09 10:20:34
 0  0      0 5058844 116380 1313140    0    0     0    72  800 6480  6  4 90  0  0 2021-12-09 10:20:35
 6  0      0 5059348 116428 1313192    0    0     0   536 1054 9499 10  4 82  4  0 2021-12-09 10:20:36
procs -----------memory---------- ---swap-- -----io---- -system-- ------cpu----- -----timestamp-----
 r  b   swpd   free   buff  cache   si   so    bi    bo   in   cs us sy id wa st                 UTC
 1  0      0 5059348 116444 1313268    0    0     0   252 1121 7933  7  4 87  2  0 2021-12-09 10:20:37
 0  0      0 5059348 116444 1313268    0    0     0     4  845 5862  5  2 93  0  0 2021-12-09 10:20:38
 0  0      0 5059096 116472 1313388    0    0     0   776 1717 11500 13  6 75  5  0 2021-12-09 10:20:39
 0  0      0 5058844 116472 1313388    0    0     0   268  882 5942  5  2 92  0  0 2021-12-09 10:20:40
 9  0      0 5058844 116484 1313380    0    0     0   312  886 7267  5  4 88  3  0 2021-12-09 10:20:41
 0  0      0 5058844 116500 1313488    0    0     0   404 1564 10273 13  4 80  3  0 2021-12-09 10:20:42
 0  0      0 5058844 116500 1313488    0    0     0     0 1144 7085  3  3 94  0  0 2021-12-09 10:20:43
 0  0      0 5059096 116524 1313612    0    0     0   716 1283 10657 15  7 72  6  0 2021-12-09 10:20:44
 0  0      0 5059096 116528 1313612    0    0     0    20  795 6396  6  4 90  0  0 2021-12-09 10:20:45
 0  0      0 5059120 116528 1313612    0    0     0     0  826 5910  6  2 92  0  0 2021-12-09 10:20:46
 0  0      0 5058340 116580 1313724    0    0     0   764 1303 10301 15  5 76  5  0 2021-12-09 10:20:47
 0  0      0 5057836 116580 1313724    0    0     0     0  644 5467  5  3 93  0  0 2021-12-09 10:20:48
 0  0      0 5057324 116644 1313836    0    0     0   776 1507 11158 14  5 76  6  0 2021-12-09 10:20:49
 1  0      0 5057332 116644 1313836    0    0     0     4  750 6053  6  2 91  0  0 2021-12-09 10:20:50
 8  0      0 5057584 116648 1313836    0    0     0    24  511 4969  3  1 96  0  0 2021-12-09 10:20:51
 0  0      0 5057836 116680 1313960    0    0     0   804 1555 11077 12  4 79  6  0 2021-12-09 10:20:52
 0  0      0 5058340 116680 1313964    0    0     0     0  876 6305  4  3 93  0  0 2021-12-09 10:20:53
 0  0      0 5058332 116720 1314104    0    0     0   748 1632 10240 12  4 80  4  0 2021-12-09 10:20:54
 0  0      0 5058332 116720 1314104    0    0     0     0  750 5771  6  2 93  0  0 2021-12-09 10:20:55
 0  0      0 5058592 116720 1314104    0    0     0    12  826 6725  8  4 89  0  0 2021-12-09 10:20:56
 0  0      0 5058584 116760 1314208    0    0     0   728 1674 12088 11  7 77  5  0 2021-12-09 10:20:57
procs -----------memory---------- ---swap-- -----io---- -system-- ------cpu----- -----timestamp-----
 r  b   swpd   free   buff  cache   si   so    bi    bo   in   cs us sy id wa st                 UTC
 3  0      0 5058584 116760 1314208    0    0     0     0  807 6517  7  3 90  0  0 2021-12-09 10:20:58
 0  0      0 5058080 116796 1314304    0    0     0   680 1397 10074 11  3 83  4  0 2021-12-09 10:20:59
 0  0      0 5058080 116796 1314304    0    0     0     0  669 5241  6  3 91  0  0 2021-12-09 10:21:00
 0  0      0 5057828 116796 1314312    0    0     0     0  756 5886  5  3 93  0  0 2021-12-09 10:21:01
 0  0      0 5056064 116868 1314440    0    0     0   748 1410 11208 15  3 78  5  0 2021-12-09 10:21:02
 0  0      0 5055812 116868 1314440    0    0     0     0  571 5068  3  4 93  0  0 2021-12-09 10:21:03
 0  0      0 5055560 116920 1314508    0    0     0   724 1625 11902 12  4 79  5  0 2021-12-09 10:21:04
 0  0      0 5054552 116920 1314548    0    0     0     0  784 6428  6  4 90  0  0 2021-12-09 10:21:05
 0  0      0 5054552 116920 1314548    0    0     0     0  724 5498  6  3 91  0  0 2021-12-09 10:21:06
 0  0      0 5053040 116968 1314664    0    0     0   756 1284 10847 12  7 76  5  0 2021-12-09 10:21:07
 0  0      0 5053544 116968 1314664    0    0     0     4  578 4881  4  3 93  0  0 2021-12-09 10:21:08
 0  1      0 5053292 117016 1314784    0    0     0   700 1318 10814 13  6 78  4  0 2021-12-09 10:21:09
 0  0      0 5053020 117016 1314784    0    0     0    52  950 7010  8  3 89  0  0 2021-12-09 10:21:10
 0  0      0 5053292 117016 1314788    0    0     0    68  672 5301  3  3 94  0  0 2021-12-09 10:21:11
 0  0      0 5053292 117068 1314912    0    0     0   744 1220 10301 13  4 78  5  0 2021-12-09 10:21:12
 6  0      0 5053292 117068 1314912    0    0     0     0  780 5839  3  3 94  0  0 2021-12-09 10:21:13
 0  1      0 5053040 117104 1314912    0    0     0   380 1090 8850  8  4 85  3  0 2021-12-09 10:21:14
 0  0      0 5053536 117116 1315008    0    0     0   312 1422 10237 10  5 84  1  0 2021-12-09 10:21:15
 1  0      0 5053284 117116 1315008    0    0     0   292  740 5852  8  1 91  0  0 2021-12-09 10:21:16
 7  0      0 5051772 117140 1315140    0    0     0   780 1518 10628 12  6 76  6  0 2021-12-09 10:21:17
 1  0      0 5051016 117140 1315140    0    0     0     0 1156 7394  6  2 92  0  0 2021-12-09 10:21:18
procs -----------memory---------- ---swap-- -----io---- -system-- ------cpu----- -----timestamp-----
 r  b   swpd   free   buff  cache   si   so    bi    bo   in   cs us sy id wa st                 UTC
 2  1      0 5051016 117140 1315140    0    0     0    76  970 6214  5  4 91  0  0 2021-12-09 10:21:19
 0  0      0 5050260 117172 1315244    0    0     0   640 1513 11309 14 10 69  7  0 2021-12-09 10:21:20
 0  0      0 5050764 117172 1315244    0    0     0    20 1000 7116  4  2 94  0  0 2021-12-09 10:21:21
 0  0      0 5050780 117196 1315352    0    0     0   704 1594 10861 12  5 78  5  0 2021-12-09 10:21:22
 0  0      0 5051032 117196 1315352    0    0     0     0  937 6893  6  3 92  0  0 2021-12-09 10:21:23
 0  0      0 5050984 117196 1315352    0    0     0     0  763 5934  4  3 93  0  0 2021-12-09 10:21:24
 0  0      0 5051260 117224 1315480    0    0     0   696 1380 11397 13  5 77  6  0 2021-12-09 10:21:25
 0  0      0 5050252 117224 1315480    0    0     0    16  753 5714  6  4 90  0  0 2021-12-09 10:21:26
 6  1      0 5049992 117276 1315780    0    0     0  1472 1725 14160 13  6 74  7  0 2021-12-09 10:21:27
 0  0      0 5050000 117296 1315788    0    0     0   340  963 6430  8  2 88  3  0 2021-12-09 10:21:28
 0  0      0 5050000 117296 1315788    0    0     0     0  827 6163  6  2 91  0  0 2021-12-09 10:21:29
 0  0      0 5052268 117308 1312784    0    0     0   868 1938 13390 12 10 70  8  0 2021-12-09 10:21:30
 0  0      0 5052016 117308 1312784    0    0     0     0  853 5843  5  3 92  0  0 2021-12-09 10:21:31
 1  1      0 5051764 117336 1312756    0    0     0   656 1504 10055 11  3 81  5  0 2021-12-09 10:21:32
 1  0      0 5052016 117340 1312904    0    0     0   100 1202 8019  6  3 91  1  0 2021-12-09 10:21:33
 0  0      0 5052016 117340 1312904    0    0     0     0  888 6323  3  3 94  0  0 2021-12-09 10:21:34
 0  0      0 5053024 117380 1313008    0    0     0   708 1843 12149 10  6 80  5  0 2021-12-09 10:21:35
 0  0      0 5053024 117380 1313008    0    0     0     0  804 5896  5  3 92  0  0 2021-12-09 10:21:36
 9  0      0 5053024 117396 1313044    0    0     0   476 1202 8951 10  4 84  3  0 2021-12-09 10:21:37
 0  0      0 5053276 117412 1313116    0    0     0   272 1391 9107  9  5 85  1  0 2021-12-09 10:21:38
 0  0      0 5053276 117412 1313116    0    0     0     0  898 6234  6  1 93  0  0 2021-12-09 10:21:39
procs -----------memory---------- ---swap-- -----io---- -system-- ------cpu----- -----timestamp-----
 r  b   swpd   free   buff  cache   si   so    bi    bo   in   cs us sy id wa st                 UTC
 1  0      0 5053256 117468 1313224    0    0     0   788 1448 11400 13  3 78  6  0 2021-12-09 10:21:40
 6  0      0 5053780 117468 1313232    0    0     0     0  828 6080  4  3 93  0  0 2021-12-09 10:21:41
 1  1      0 5053780 117476 1313228    0    0     0   260  893 7084  6  2 91  2  0 2021-12-09 10:21:42
 0  0      0 5053528 117500 1313340    0    0     0   436 1445 10878 12  6 79  2  0 2021-12-09 10:21:43
 7  0      0 5053276 117500 1313340    0    0     0     4  809 5819  4  2 94  0  0 2021-12-09 10:21:44
 0  0      0 5053528 117552 1313452    0    0     0   752 1507 9974 11  5 78  7  0 2021-12-09 10:21:45
 0  0      0 5053528 117552 1313456    0    0     0     0  755 5788  5  3 92  0  0 2021-12-09 10:21:46
 0  0      0 5059324 117552 1313460    0    0     0    92  747 5713  8  1 91  0  0 2021-12-09 10:21:47
 0  0      0 5058064 117572 1313568    0    0     0   732 1283 9574 16  5 74  6  0 2021-12-09 10:21:48
 2  0      0 5057812 117572 1313572    0    0     0     0  921 7237  6  3 91  0  0 2021-12-09 10:21:49
 0  0      0 5057308 117608 1313672    0    0     0   736 1401 11113 13  5 77  6  0 2021-12-09 10:21:50
 0  0      0 5056804 117608 1313680    0    0     0     0  702 5725  5  4 92  0  0 2021-12-09 10:21:51
 0  0      0 5056552 117608 1313680    0    0     0   352  924 6821  4  3 92  1  0 2021-12-09 10:21:52
 0  0      0 5056552 117644 1313800    0    0     0   760 1428 11381 12  5 76  7  0 2021-12-09 10:21:53
 0  0      0 5056552 117644 1313800    0    0     0     0  917 5782  5  2 93  0  0 2021-12-09 10:21:54
 0  0      0 5056048 117676 1313864    0    0     0   724 1491 11159 11  5 77  6  0 2021-12-09 10:21:55
 0  0      0 5055468 117676 1313900    0    0     0     4  903 6417  9  4 87  0  0 2021-12-09 10:21:56
 1  0      0 5055544 117680 1313904    0    0     0    16 1025 6852  6  4 90  0  0 2021-12-09 10:21:57
 1  0      0 5056048 117728 1314008    0    0     0   752 1645 11987 21  7 69  4  0 2021-12-09 10:21:58
 0  0      0 5056048 117728 1314008    0    0     0     0  799 6196  5  3 93  0  0 2021-12-09 10:21:59
 7  1      0 5056300 117752 1314044    0    0     0   344 1021 7944  9  4 84  3  0 2021-12-09 10:22:00
procs -----------memory---------- ---swap-- -----io---- -system-- ------cpu----- -----timestamp-----
 r  b   swpd   free   buff  cache   si   so    bi    bo   in   cs us sy id wa st                 UTC
 2  0      0 5056300 117792 1314136    0    0     0   456 1326 9330 14  6 79  2  0 2021-12-09 10:22:01
 0  0      0 5056048 117792 1314136    0    0     0     4  857 6551  5  2 93  0  0 2021-12-09 10:22:02
 0  0      0 5056048 117804 1314236    0    0     0   720 1376 11521 13  6 76  5  0 2021-12-09 10:22:03
 0  0      0 5056048 117804 1314236    0    0     0     0  835 6274  5  2 93  0  0 2021-12-09 10:22:04
 0  0      0 5056048 117804 1314236    0    0     0     0  823 6550  5  3 92  0  0 2021-12-09 10:22:05
 0  0      0 5056292 117816 1314368    0    0     0   740 1741 12210 13  6 77  6  0 2021-12-09 10:22:06
 0  0      0 5056292 117816 1314368    0    0     0     0  844 5760  5  2 93  0  0 2021-12-09 10:22:07
 2  0      0 5056292 117848 1314468    0    0     0   704 1273 10645 12  4 80  3  0 2021-12-09 10:22:08
 6  0      0 5056292 117848 1314472    0    0     0     0  742 5812  5  3 93  0  0 2021-12-09 10:22:09
 0  0      0 5056040 117848 1314472    0    0     0     0  784 5245  3  3 95  0  0 2021-12-09 10:22:10
 0  0      0 5055748 117888 1314596    0    0     0   768 1641 12001 13  5 77  5  0 2021-12-09 10:22:11
 0  0      0 5055788 117888 1314596    0    0     0     0  733 5215  4  2 94  0  0 2021-12-09 10:22:12
 0  0      0 5055788 117924 1314696    0    0     0   716 1740 11826 11  5 80  4  0 2021-12-09 10:22:13
 0  0      0 5055536 117924 1314704    0    0     0     4  912 5927  6  3 92  0  0 2021-12-09 10:22:14
 0  0      0 5055788 117924 1314704    0    0     0     0  897 6544  4  4 92  0  0 2021-12-09 10:22:15
 0  0      0 5055788 117956 1314808    0    0     0   728 1440 11337 14  6 65 16  0 2021-12-09 10:22:16
 0  0      0 5055788 117956 1314812    0    0     0     0  683 5810  7  4 90  0  0 2021-12-09 10:22:17
 0  1      0 5055032 117972 1314796    0    0     0   608 1216 8623 10  5 82  3  0 2021-12-09 10:22:18
 1  0      0 5055032 117984 1314920    0    0     0   168 1460 10306  8  3 88  1  0 2021-12-09 10:22:19
 1  0      0 5055032 117984 1314920    0    0     0     4  579 4832  5  2 93  0  0 2021-12-09 10:22:20
 1  0      0 5055788 118008 1315024    0    0     0   716 1668 12694 15  6 74  5  0 2021-12-09 10:22:21
procs -----------memory---------- ---swap-- -----io---- -system-- ------cpu----- -----timestamp-----
 r  b   swpd   free   buff  cache   si   so    bi    bo   in   cs us sy id wa st                 UTC
 1  0      0 5055788 118008 1315028    0    0     0     0  921 5997  4  3 93  0  0 2021-12-09 10:22:22
 7  1      0 5055788 118016 1315068    0    0     0   392 1180 7961  6  3 88  2  0 2021-12-09 10:22:23
 0  0      0 5055536 118040 1315168    0    0     0   524 1204 8673 11  4 83  2  0 2021-12-09 10:22:24
 0  0      0 5055536 118040 1315168    0    0     0     0  653 5337  3  3 94  0  0 2021-12-09 10:22:25
 0  0      0 5054492 118080 1315268    0    0     0   700 1596 11353 13  6 74  8  0 2021-12-09 10:22:26
 0  0      0 5054528 118080 1315272    0    0     0     0  977 7185  4  4 93  0  0 2021-12-09 10:22:27
 1  1      0 5054560 118080 1315272    0    0     0   412  583 5771  6  3 91  0  0 2021-12-09 10:22:28
 0  0      0 5054812 118096 1315384    0    0     0   664 1468 12219 13  5 75  7  0 2021-12-09 10:22:29
 0  0      0 5054812 118096 1315384    0    0     0     0 1166 8308  4  8 89  0  0 2021-12-09 10:22:30
 0  0      0 5054308 118148 1315508    0    0     0   776 1263 10980 10  5 81  5  0 2021-12-09 10:22:31
 0  0      0 5053804 118148 1315516    0    0     0     4  959 6570  5  4 92  0  0 2021-12-09 10:22:32
 0  0      0 5053804 118148 1315516    0    0     0     0  759 5752  6  2 92  0  0 2021-12-09 10:22:33
 0  0      0 5053552 118164 1315612    0    0     0   732 1403 11145 12  3 79  5  0 2021-12-09 10:22:34
 0  0      0 5052544 118164 1315612    0    0     0     0  769 5836  4  2 93  0  0 2021-12-09 10:22:35
 0  0      0 5052544 118188 1315732    0    0     0   772 1582 11943 13  7 75  6  0 2021-12-09 10:22:36
 3  0      0 5052544 118188 1315732    0    0     0     0  801 6029  7  3 90  0  0 2021-12-09 10:22:37
 0  0      0 5052544 118188 1315732    0    0     0     4  714 5826  8  3 90  0  0 2021-12-09 10:22:38
 0  0      0 5051532 118208 1315860    0    0     0   732 1384 10821 13  7 72  8  0 2021-12-09 10:22:39
 0  0      0 5051788 118208 1315860    0    0     0     0  860 6330  5  3 93  0  0 2021-12-09 10:22:40
12  0      0 5052252 118224 1315880    0    0     0   536  760 10664 14  8 76  2  0 2021-12-09 10:22:41
 0  0      0 5053056 118236 1315972    0    0     0   252 1186 9683 10  5 84  1  0 2021-12-09 10:22:42
procs -----------memory---------- ---swap-- -----io---- -system-- ------cpu----- -----timestamp-----
 r  b   swpd   free   buff  cache   si   so    bi    bo   in   cs us sy id wa st                 UTC
 6  0      0 5053032 118236 1315972    0    0     0     0  581 4801  4  2 94  0  0 2021-12-09 10:22:43
 0  0      0 5056324 118284 1316084    0    0     0   732 1568 10687 11  5 64 21  0 2021-12-09 10:22:44
 0  0      0 5055568 118284 1316084    0    0     0     0  856 5967  6  2 92  0  0 2021-12-09 10:22:45
 0  0      0 5055064 118284 1316084    0    0     0     0  997 6078  5  2 92  0  0 2021-12-09 10:22:46
 0  0      0 5054812 118336 1316204    0    0     0   748 1704 11471 11  4 81  4  0 2021-12-09 10:22:47
 0  0      0 5054812 118336 1316208    0    0     0    20  938 6233  5  3 92  0  0 2021-12-09 10:22:48
 1  1      0 5054812 118340 1316232    0    0     0   216  888 7099  7  4 80 10  0 2021-12-09 10:22:49
 0  0      0 5055064 118360 1316316    0    0     0   524 1510 9830 11  5 75 10  0 2021-12-09 10:22:50
 0  0      0 5054812 118360 1316316    0    0     0     0  770 6198  3  3 94  0  0 2021-12-09 10:22:51
 0  0      0 5056072 118392 1316424    0    0     0   736 1413 11358 13  3 81  4  0 2021-12-09 10:22:52
 0  0      0 5055316 118392 1316424    0    0     0    16  860 6744  6  4 90  0  0 2021-12-09 10:22:53
 2  0      0 5054812 118392 1316424    0    0     0     0  892 6341  4  4 93  0  0 2021-12-09 10:22:54
 0  0      0 5054560 118420 1316552    0    0     0   776 1471 10915 13  5 79  4  0 2021-12-09 10:22:55
 0  0      0 5053804 118420 1316552    0    0     0     4  596 5105  6  3 91  0  0 2021-12-09 10:22:56
 0  0      0 5053300 118460 1316604    0    0     0   736 1425 11036 13  3 80  4  0 2021-12-09 10:22:57
 0  0      0 5053048 118460 1316652    0    0     0    68 1003 6783  6  3 91  0  0 2021-12-09 10:22:58
 0  0      0 5053048 118460 1316652    0    0     0     0  898 6317  4  2 94  0  0 2021-12-09 10:22:59
 0  0      0 5053048 118504 1316784    0    0     0   788 1624 11565 10  8 77  6  0 2021-12-09 10:23:00
 0  0      0 5053048 118504 1316784    0    0     0     0  833 6047  6  2 93  0  0 2021-12-09 10:23:01
 0  0      0 5053048 118532 1316888    0    0     0   792 1633 11002 12  4 78  6  0 2021-12-09 10:23:02
 0  0      0 5053048 118532 1316896    0    0     0     0  746 5776  4  4 93  0  0 2021-12-09 10:23:03
procs -----------memory---------- ---swap-- -----io---- -system-- ------cpu----- -----timestamp-----
 r  b   swpd   free   buff  cache   si   so    bi    bo   in   cs us sy id wa st                 UTC
 1  0      0 5053048 118532 1316900    0    0     0   292  856 5977  5  2 93  0  0 2021-12-09 10:23:04
 0  0      0 5053048 118572 1317016    0    0     0   784 1511 10973 12  4 77  7  0 2021-12-09 10:23:05
 0  0      0 5053048 118572 1317016    0    0     0     0  988 6601  7  4 89  0  0 2021-12-09 10:23:06
 0  0      0 5053048 118616 1317128    0    0     0   736 1760 12148 11  4 79  5  0 2021-12-09 10:23:07
 0  0      0 5053552 118616 1317132    0    0     0     4  859 6110  9  3 89  0  0 2021-12-09 10:23:08
 0  0      0 5053300 118616 1317132    0    0     0     0  796 5717  4  2 94  0  0 2021-12-09 10:23:09
 1  0      0 5052292 118652 1317244    0    0     0   764 1528 11079 13  5 78  4  0 2021-12-09 10:23:10
 0  0      0 5052524 118652 1317244    0    0     0     0  824 5501  2  4 94  0  0 2021-12-09 10:23:11
 0  1      0 5052040 118676 1317360    0    0     0   592 1387 9347  9  4 82  5  0 2021-12-09 10:23:12
 0  0      0 5051032 118684 1317368    0    0     0   132  945 7062  8  3 89  1  0 2021-12-09 10:23:13
 3  0      0 5050276 118684 1317368    0    0     0     0  860 6145  4  3 94  0  0 2021-12-09 10:23:14
 0  0      0 5050276 118704 1317480    0    0     0   760 1603 10943 14  5 76  4  0 2021-12-09 10:23:15
 1  0      0 5050276 118704 1317480    0    0     0     0  696 5243  3  2 95  0  0 2021-12-09 10:23:16
 0  1      0 5049512 118712 1317472    0    0     0   204  718 6635  8  3 85  5  0 2021-12-09 10:23:17
 0  0      0 5048764 118732 1317608    0    0     0   536 1403 9382 12  5 62 20  0 2021-12-09 10:23:18
 0  0      0 5048764 118732 1317608    0    0     0    16  738 6135  5  3 92  0  0 2021-12-09 10:23:19
 1  2      0 5048764 118772 1317672    0    0     0   568 1180 9565  7  3 87  4  0 2021-12-09 10:23:20
 0  0      0 5053048 118780 1317716    0    0     0   144 1104 8556  7  5 87  2  0 2021-12-09 10:23:21
 1  0      0 5052552 118780 1317716    0    0     0     0  690 5457  4  3 93  0  0 2021-12-09 10:23:22
 8  0      0 5052264 118800 1317836    0    0     0   764 1862 12229 12  5 78  6  0 2021-12-09 10:23:23
 0  0      0 5052284 118800 1317836    0    0     0    20  908 5702  4  3 93  0  0 2021-12-09 10:23:24
procs -----------memory---------- ---swap-- -----io---- -system-- ------cpu----- -----timestamp-----
 r  b   swpd   free   buff  cache   si   so    bi    bo   in   cs us sy id wa st                 UTC
12  0      0 5052284 118800 1317836    0    0     0   280  904 6879  6  3 89  3  0 2021-12-09 10:23:25
 0  0      0 5052032 118820 1317944    0    0     0   452 1203 9183 10  6 82  2  0 2021-12-09 10:23:26
 1  0      0 5051780 118820 1317944    0    0     0     4  751 6057  9  4 87  0  0 2021-12-09 10:23:27
 0  0      0 5049732 118860 1318048    0    0     0   764 1414 12748 22  9 64  5  0 2021-12-09 10:23:28
 0  0      0 5050236 118860 1318048    0    0     0     0 1081 7505  8  3 89  0  0 2021-12-09 10:23:29
 1  0      0 5050488 118860 1318048    0    0     0     0 1600 10196  4  7 89  0  0 2021-12-09 10:23:30
 0  0      0 5048188 118872 1318176    0    0     0   720 1386 10481 11  6 79  5  0 2021-12-09 10:23:31
 2  0      0 5047936 118872 1318176    0    0     0     0  795 5220  5  2 93  0  0 2021-12-09 10:23:32
 1  1      0 5047432 118908 1318364    0    0     0  1244 1905 12692 14  4 71 10  0 2021-12-09 10:23:33
 0  0      0 5047684 118928 1318472    0    0     0   644 1236 7384  6  3 86  5  0 2021-12-09 10:23:34
 0  0      0 5047684 118928 1318472    0    0     0     0  976 7026  4  3 93  0  0 2021-12-09 10:23:35
 0  0      0 5048944 118968 1318604    0    0     0   872 1681 12956 14  4 78  4  0 2021-12-09 10:23:36
 0  0      0 5050628 118968 1316636    0    0     0     0  657 5622  7  3 90  0  0 2021-12-09 10:23:37
 4  1      0 5050960 118968 1315500    0    0     0   372  987 8207  7  3 83  7  0 2021-12-09 10:23:38
 1  0      0 5049952 118984 1315580    0    0     0   736 1307 8636  9  3 85  4  0 2021-12-09 10:23:39
 0  0      0 5049448 118984 1315580    0    0     0     0  684 5235  4  3 93  0  0 2021-12-09 10:23:40
 0  0      0 5051212 119028 1315696    0    0     0   788 1474 11574 14  5 64 18  0 2021-12-09 10:23:41
 0  0      0 5050960 119028 1315700    0    0     0     0  878 6404  6  2 93  0  0 2021-12-09 10:23:42
 0  0      0 5050708 119028 1315700    0    0     0     0  980 7235  4  4 92  0  0 2021-12-09 10:23:43
 0  0      0 5050940 119064 1315808    0    0     0   740 1531 10709 10  5 80  5  0 2021-12-09 10:23:44
 0  0      0 5051464 119064 1315812    0    0     0     4  724 5933  4  4 91  0  0 2021-12-09 10:23:45
procs -----------memory---------- ---swap-- -----io---- -system-- ------cpu----- -----timestamp-----
 r  b   swpd   free   buff  cache   si   so    bi    bo   in   cs us sy id wa st                 UTC
 1  0      0 5051212 119072 1315928    0    0     0   772 1293 9973 11  4 80  5  0 2021-12-09 10:23:46
 0  0      0 5051212 119072 1315928    0    0     0     0  771 5878  7  3 90  0  0 2021-12-09 10:23:47
 1  0      0 5051212 119072 1315928    0    0     0     0  465 4555  4  2 94  0  0 2021-12-09 10:23:48
 1  0      0 5049700 119112 1316044    0    0     0   716 1395 10333 14  4 78  4  0 2021-12-09 10:23:49
 0  0      0 5049448 119112 1316048    0    0     0    20  999 7379  3  3 94  0  0 2021-12-09 10:23:50
 1  1      0 5048620 119124 1316036    0    0     0   704 1347 10527 10  5 80  4  0 2021-12-09 10:23:51
 0  0      0 5048652 119140 1316156    0    0     0    76  882 6657  5  3 91  1  0 2021-12-09 10:23:52
 0  0      0 5048376 119140 1316156    0    0     0     0  748 6343  5  3 93  0  0 2021-12-09 10:23:53
 1  0      0 5052496 119176 1316268    0    0     0   752 1504 10171 11  6 79  5  0 2021-12-09 10:23:54
 1  0      0 5052496 119176 1316268    0    0     0    20  696 5439  5  2 93  0  0 2021-12-09 10:23:55
 9  0      0 5051908 119184 1316292    0    0     0   404 1052 8781  8  5 84  3  0 2021-12-09 10:23:56
 0  0      0 5051992 119200 1316368    0    0     0   348 1249 9803 13  4 81  1  0 2021-12-09 10:23:57
 0  0      0 5052244 119200 1316368    0    0     0     0  610 5598  6  3 90  0  0 2021-12-09 10:23:58
 0  0      0 5052244 119240 1316488    0    0     0   732 1582 12385 13  7 76  5  0 2021-12-09 10:23:59
 0  0      0 5052244 119240 1316488    0    0     0     0  787 5356  4  2 95  0  0 2021-12-09 10:24:00
 3  1      0 5052252 119248 1316492    0    0     0   164  495 5199  4  3 92  2  0 2021-12-09 10:24:01
 0  0      0 5051992 119268 1316600    0    0     0   568 1551 9279 10  5 82  3  0 2021-12-09 10:24:02
 1  0      0 5050984 119268 1316600    0    0     0     4  853 6343  4  3 93  0  0 2021-12-09 10:24:03
 0  1      0 5050984 119288 1316688    0    0     0   640 1625 10880 10  5 65 20  0 2021-12-09 10:24:04
 0  0      0 5052496 119292 1316700    0    0     0   112 1032 7922  7  4 87  2  0 2021-12-09 10:24:05
 0  0      0 5052496 119292 1316704    0    0     0     0  639 5437  4  1 95  0  0 2021-12-09 10:24:06
procs -----------memory---------- ---swap-- -----io---- -system-- ------cpu----- -----timestamp-----
 r  b   swpd   free   buff  cache   si   so    bi    bo   in   cs us sy id wa st                 UTC
 2  0      0 5052496 119312 1316820    0    0     0   728 1532 12112 14  6 74  5  0 2021-12-09 10:24:07
 0  0      0 5052496 119312 1316820    0    0     0     0  584 5050  6  3 91  0  0 2021-12-09 10:24:08
10  0      0 5052496 119320 1316820    0    0     0   284  849 7322  7  4 87  2  0 2021-12-09 10:24:09
 0  0      0 5052244 119336 1316932    0    0     0   552 1206 9055 10  5 84  2  0 2021-12-09 10:24:10
 0  0      0 5052476 119336 1316932    0    0     0     0 1152 7917  4  3 93  0  0 2021-12-09 10:24:11
 0  0      0 5052496 119352 1317048    0    0     0   776 1375 10712 16  6 64 15  0 2021-12-09 10:24:12
 0  0      0 5052748 119352 1317052    0    0     0     0  824 6586  7  4 89  0  0 2021-12-09 10:24:13
 0  0      0 5052496 119352 1317052    0    0     0     0  979 6619  4  2 95  0  0 2021-12-09 10:24:14
 0  0      0 5052496 119396 1317152    0    0     0  1060 1408 11396 12  4 80  4  0 2021-12-09 10:24:15
 0  0      0 5052244 119396 1317152    0    0     0     0  798 5689  4  1 95  0  0 2021-12-09 10:24:16
 0  1      0 5051992 119404 1317180    0    0     0   280  738 6807  8  3 79 10  0 2021-12-09 10:24:17
 1  0      0 5051740 119440 1317268    0    0     0   512 1692 11012 12  5 80  4  0 2021-12-09 10:24:18
 0  0      0 5051740 119440 1317268    0    0     0     0  908 5516  3  2 95  0  0 2021-12-09 10:24:19
 4  0      0 5051488 119452 1317388    0    0     0   756 1374 9692 10  5 80  5  0 2021-12-09 10:24:20
 0  0      0 5050732 119452 1317392    0    0     0     4  954 7499  6  4 90  0  0 2021-12-09 10:24:21
 0  0      0 5044588 119452 1317392    0    0     0     0  884 6672  5  2 94  0  0 2021-12-09 10:24:22
 0  0      0 5045092 119496 1317492    0    0     0   780 1620 11617 13  7 76  5  0 2021-12-09 10:24:23
 0  0      0 5045092 119496 1317492    0    0     0     0  640 5330  4  4 93  0  0 2021-12-09 10:24:24
 0  0      0 5043832 119548 1317616    0    0     0   720 1273 10051  9  5 82  4  0 2021-12-09 10:24:25
 0  0      0 5043824 119548 1317620    0    0     0     0 1023 6960  4  3 93  0  0 2021-12-09 10:24:26
 0  0      0 5044084 119548 1317620    0    0     0     4  723 5637  7  2 91  0  0 2021-12-09 10:24:27
procs -----------memory---------- ---swap-- -----io---- -system-- ------cpu----- -----timestamp-----
 r  b   swpd   free   buff  cache   si   so    bi    bo   in   cs us sy id wa st                 UTC
 1  0      0 5043832 119584 1317720    0    0     0   756 1432 11105 11  7 78  5  0 2021-12-09 10:24:28
 5  0      0 5044064 119584 1317720    0    0     0     0  974 7704  6  2 92  0  0 2021-12-09 10:24:29
 0  0      0 5044084 119624 1317832    0    0     0   752 1451 11700 10  9 76  4  0 2021-12-09 10:24:30
 0  0      0 5043084 119624 1317836    0    0     0     0 1002 6777  6  2 91  0  0 2021-12-09 10:24:31
 0  0      0 5031040 119624 1317836    0    0     0     0  947 5893  3  4 94  0  0 2021-12-09 10:24:32
 0  0      0 5029504 119652 1317932    0    0     0   748 1600 10483 13  6 78  4  0 2021-12-09 10:24:33
 0  0      0 5029528 119652 1317936    0    0     0     0  917 5901  3  3 94  0  0 2021-12-09 10:24:34
 0  0      0 5029528 119680 1318060    0    0     0   796 1500 12326 14  7 73  5  0 2021-12-09 10:24:35
 1  0      0 5029528 119680 1318060    0    0     0     8  867 6469  5  2 94  0  0 2021-12-09 10:24:36
 0  0      0 5029780 119680 1318060    0    0     0     0  908 6611  7  3 91  0  0 2021-12-09 10:24:37
 0  0      0 5029780 119700 1318176    0    0     0   760 1433 10190 14  3 77  6  0 2021-12-09 10:24:38
 5  0      0 5029528 119700 1318176    0    0     0     4  687 4845  4  2 95  0  0 2021-12-09 10:24:39
 0  0      0 5029024 119732 1318272    0    0     0   712 1296 10025 11  4 80  6  0 2021-12-09 10:24:40
 0  0      0 5029024 119732 1318272    0    0     0     8  676 5961  5  3 91  0  0 2021-12-09 10:24:41
 0  0      0 5029024 119732 1318280    0    0     0     0  829 6113  3  3 94  0  0 2021-12-09 10:24:42
 0  0      0 5029024 119752 1318416    0    0     0   724 1339 10820 13  6 78  4  0 2021-12-09 10:24:43
 0  0      0 5029024 119752 1318416    0    0     0     0  585 4987  6  1 93  0  0 2021-12-09 10:24:44
 3  1      0 5029024 119756 1318448    0    0     0   732 1144 9649 10  4 80  6  0 2021-12-09 10:24:45
 0  0      0 5029276 119756 1318532    0    0     0    64 1073 7019  5  4 90  1  0 2021-12-09 10:24:46
 0  0      0 5029276 119756 1318532    0    0     0     0  667 5401  4  3 93  0  0 2021-12-09 10:24:47
 0  0      0 5028772 119764 1318660    0    0     0   768 1698 11585 13  6 78  4  0 2021-12-09 10:24:48
procs -----------memory---------- ---swap-- -----io---- -system-- ------cpu----- -----timestamp-----
 r  b   swpd   free   buff  cache   si   so    bi    bo   in   cs us sy id wa st                 UTC
 1  0      0 5028520 119764 1318664    0    0     0     0  831 6390  5  3 92  0  0 2021-12-09 10:24:49
 3  1      0 5028268 119776 1318696    0    0     0   576 1301 10061 10  6 81  4  0 2021-12-09 10:24:50
 0  0      0 5027764 119776 1318796    0    0     0   452 1151 8762  9  4 87  1  0 2021-12-09 10:24:51
 0  0      0 5027764 119776 1318796    0    0     0     0  746 5426  4  4 93  0  0 2021-12-09 10:24:52
 0  0      0 5028732 119800 1318924    0    0     0   784 1559 13139 14  5 76  5  0 2021-12-09 10:24:53
 0  0      0 5028520 119800 1318924    0    0     0     0  894 6120  4  3 94  0  0 2021-12-09 10:24:54
 1  1      0 5028268 119800 1318928    0    0     0   136  813 6808  4  5 88  4  0 2021-12-09 10:24:55
 0  0      0 5027764 119800 1319052    0    0     0   668 1493 10493 13  3 81  4  0 2021-12-09 10:24:56
 0  0      0 5027764 119800 1319056    0    0     0     4  988 6551  9  3 87  0  0 2021-12-09 10:24:57
 6  0      0 5027764 119812 1319184    0    0     0   788 1611 11597 13  5 77  5  0 2021-12-09 10:24:58
 0  0      0 5028268 119812 1319184    0    0     0     0  694 6216  4  4 93  0  0 2021-12-09 10:24:59
 0  0      0 5028268 119812 1319184    0    0     0     0  726 6533  6  4 90  0  0 2021-12-09 10:25:00
 0  0      0 5027512 119836 1319336    0    0     0   816 1423 10325 13  5 77  5  0 2021-12-09 10:25:01
 0  0      0 5027260 119836 1319336    0    0     0     0  637 5784  5  4 92  0  0 2021-12-09 10:25:02
 0  0      0 5027008 119864 1319448    0    0     0   776 1132 11143 11  6 79  5  0 2021-12-09 10:25:03
 0  0      0 5027260 119864 1319448    0    0     0     0  913 7095  5  2 93  0  0 2021-12-09 10:25:04
 0  0      0 5027260 119864 1319448    0    0     0     0  564 5271  4  2 94  0  0 2021-12-09 10:25:05
 0  0      0 5027260 119880 1319596    0    0     0   752 1594 11599 13  4 79  5  0 2021-12-09 10:25:06
 2  0      0 5027244 119880 1319596    0    0     0     0  551 5221  6  1 93  0  0 2021-12-09 10:25:07
 0  0      0 5027504 119912 1319708    0    0     0   780 1140 11025 12  6 79  4  0 2021-12-09 10:25:08
 0  0      0 5027520 119912 1319708    0    0     0     4  917 7380  7  5 88  0  0 2021-12-09 10:25:09
procs -----------memory---------- ---swap-- -----io---- -system-- ------cpu----- -----timestamp-----
 r  b   swpd   free   buff  cache   si   so    bi    bo   in   cs us sy id wa st                 UTC
 1  0      0 5027756 119912 1319708    0    0     0     0  701 5479  3  2 94  0  0 2021-12-09 10:25:10
 0  0      0 5027756 119944 1319836    0    0     0   780 1437 10267 13  4 76  7  0 2021-12-09 10:25:11
 0  0      0 5027756 119944 1319836    0    0     0    16  671 5688  3  2 95  0  0 2021-12-09 10:25:12
 0  0      0 5027756 119992 1319960    0    0     0   736 1078 11138 12  4 79  5  0 2021-12-09 10:25:13
 0  0      0 5027756 119992 1319968    0    0     0     0  969 6687  5  4 91  0  0 2021-12-09 10:25:14
 0  0      0 5027756 119992 1319972    0    0     0     4  769 5663  4  3 94  0  0 2021-12-09 10:25:15
 3  0      0 5027756 120028 1320076    0    0     0   720 1183 9479 14  4 78  5  0 2021-12-09 10:25:16
 0  0      0 5027504 120028 1320076    0    0     0     0  851 5995  8  2 90  0  0 2021-12-09 10:25:17
 5  0      0 5027252 120068 1320036    0    0     0   712 1417 9861 11  5 80  5  0 2021-12-09 10:25:18
 0  0      0 5026748 120068 1320216    0    0     0     0 1062 7251  7  3 90  0  0 2021-12-09 10:25:19
 0  0      0 5026496 120068 1320216    0    0     0     0  600 5362  3  3 95  0  0 2021-12-09 10:25:20
 0  0      0 5026244 120116 1320344    0    0     0   760 1795 13165 14  8 72  7  0 2021-12-09 10:25:21
 0  0      0 5026244 120116 1320348    0    0     0    88  711 5444  3  2 95  0  0 2021-12-09 10:25:22
 6  0      0 5026244 120144 1320384    0    0     0   300 1131 8329  7  3 88  2  0 2021-12-09 10:25:23
 0  0      0 5026244 120156 1320476    0    0     0   436 1201 8867 12  5 81  3  0 2021-12-09 10:25:24
 0  0      0 5026244 120156 1320480    0    0     0     0  858 6954  7  2 91  0  0 2021-12-09 10:25:25
 0  0      0 5026244 120188 1320592    0    0     0   756 1248 9546 12  3 76 10  0 2021-12-09 10:25:26
 0  0      0 5024984 120188 1320592    0    0     0   340  900 6590  8  3 89  1  0 2021-12-09 10:25:27
 0  0      0 5024984 120188 1320592    0    0     0     0  805 6207  6  3 92  0  0 2021-12-09 10:25:28
 0  0      0 5022172 120260 1320948    0    0     0  1912 2002 13901 18  7 61 14  0 2021-12-09 10:25:29
 0  0      0 5022676 120260 1320948    0    0     0     0 1275 9012  4 11 84  0  0 2021-12-09 10:25:30
procs -----------memory---------- ---swap-- -----io---- -system-- ------cpu----- -----timestamp-----
 r  b   swpd   free   buff  cache   si   so    bi    bo   in   cs us sy id wa st                 UTC
 5  0      0 5022424 120284 1321048    0    0     0  1020 2467 18826 19  7 67  7  0 2021-12-09 10:25:31
 0  0      0 5021416 120316 1321300    0    0     0  1208 2911 13647 12  7 76  6  0 2021-12-09 10:25:32
 0  0      0 5022172 120316 1321300    0    0     0     4 1017 7883  8  6 86  0  0 2021-12-09 10:25:33
 1  0      0 5024944 120348 1318304    0    0     0   800 1230 12253 18  7 66  9  0 2021-12-09 10:25:34
 0  0      0 5024188 120348 1318304    0    0     0     0  889 5760  4  3 94  0  0 2021-12-09 10:25:35
 0  1      0 5023936 120348 1318312    0    0     0    44  739 5944  4  3 93  1  0 2021-12-09 10:25:36
 0  0      0 5023684 120360 1318440    0    0     0   708 1710 12355 15  8 74  5  0 2021-12-09 10:25:37
 4  0      0 5025888 120360 1315540    0    0     0     0  901 5789  4  4 93  0  0 2021-12-09 10:25:38
 6  0      0 5025952 120384 1315516    0    0     0  1012 1891 13443 14  4 67 15  0 2021-12-09 10:25:39
 0  0      0 5024188 120416 1315696    0    0     0   932 3007 20087 15  9 70  6  0 2021-12-09 10:25:40
 0  0      0 5023936 120416 1315696    0    0     0     0  809 6219  6  4 90  0  0 2021-12-09 10:25:41
 0  0      0 5022424 120452 1315820    0    0     0   840 1559 11789 12  6 76  7  0 2021-12-09 10:25:42
 0  0      0 5022424 120452 1315820    0    0     0     0  716 5848  5  3 92  0  0 2021-12-09 10:25:43
 0  1      0 5022424 120468 1315816    0    0     0   324  943 7638  6  3 88  4  0 2021-12-09 10:25:44
 0  0      0 5022424 120480 1315936    0    0     0   388 1246 8960  9  5 84  2  0 2021-12-09 10:25:45
 1  0      0 5022668 120480 1315936    0    0     0     0  761 5762  4  2 93  0  0 2021-12-09 10:25:46
 0  0      0 5022676 120516 1316068    0    0     0   772 1344 10580 12  6 78  4  0 2021-12-09 10:25:47
 0  0      0 5024100 120516 1313068    0    0     0     0 1028 6495  4  2 94  0  0 2021-12-09 10:25:48
 6  1      0 5024440 120516 1312988    0    0     0   108  801 7219  6  2 89  4  0 2021-12-09 10:25:49
 0  0      0 5024944 120556 1313104    0    0     0   728 1322 9931 14  7 63 16  0 2021-12-09 10:25:50
 0  0      0 5024440 120556 1313104    0    0     0     4  788 6066  4  2 94  0  0 2021-12-09 10:25:51
procs -----------memory---------- ---swap-- -----io---- -system-- ------cpu----- -----timestamp-----
 r  b   swpd   free   buff  cache   si   so    bi    bo   in   cs us sy id wa st                 UTC
 1  1      0 5024684 120568 1313108    0    0     0   292  806 7061  5  3 84  9  0 2021-12-09 10:25:52
 7  0      0 5024684 120588 1313224    0    0     0   512 1216 8779 12  5 81  3  0 2021-12-09 10:25:53
 0  0      0 5024692 120588 1313224    0    0     0     0  967 6216  5  2 93  0  0 2021-12-09 10:25:54
 0  0      0 5024692 120616 1313352    0    0     0   784 1617 11014 11  6 79  5  0 2021-12-09 10:25:55
 0  0      0 5024692 120616 1313352    0    0     0     0  901 5640  3  2 95  0  0 2021-12-09 10:25:56
 0  1      0 5024440 120616 1313356    0    0     0   100 1028 7127  8  4 87  0  0 2021-12-09 10:25:57
 0  0      0 5024692 120652 1313472    0    0     0   792 1768 13546 12  6 71 12  0 2021-12-09 10:25:58
 0  0      0 5024440 120652 1313472    0    0     0     0  510 5252  4  2 94  0  0 2021-12-09 10:25:59
 0  0      0 5024440 120700 1313596    0    0     0   732 1032 8542 10  4 78  7  0 2021-12-09 10:26:00
 1  0      0 5023936 120700 1313600    0    0     0     0 1128 7574  6  2 92  0  0 2021-12-09 10:26:01
 0  0      0 5023856 120700 1313600    0    0     0     0  804 5455  4  3 93  0  0 2021-12-09 10:26:02
 0  0      0 5023684 120736 1313724    0    0     0  1176 1619 11987 11  6 76  7  0 2021-12-09 10:26:03
 0  0      0 5024188 120736 1313728    0    0     0     0  794 5428  5  2 93  0  0 2021-12-09 10:26:04
 2  0      0 5024420 120772 1313692    0    0     0   796 1256 10517 12  5 79  4  0 2021-12-09 10:26:05
 0  0      0 5024944 120772 1313856    0    0     0     0  843 5951  5  2 93  0  0 2021-12-09 10:26:06
 0  0      0 5024944 120772 1313856    0    0     0     0  946 6664  6  4 91  0  0 2021-12-09 10:26:07
 0  0      0 5025196 120800 1313976    0    0     0   716 1200 9980 13  5 77  4  0 2021-12-09 10:26:08
 0  0      0 5025196 120800 1313976    0    0     0     4  639 5684  8  3 89  0  0 2021-12-09 10:26:09
 2  1      0 5024188 120828 1314032    0    0     0   580 1159 9139  8  4 85  3  0 2021-12-09 10:26:10
 0  0      0 5023684 120828 1314100    0    0     0   200  880 7122  7  4 89  1  0 2021-12-09 10:26:11
 0  0      0 5023684 120828 1314104    0    0     0     0  613 5123  3  3 94  0  0 2021-12-09 10:26:12
procs -----------memory---------- ---swap-- -----io---- -system-- ------cpu----- -----timestamp-----
 r  b   swpd   free   buff  cache   si   so    bi    bo   in   cs us sy id wa st                 UTC
 2  0      0 5023676 120876 1314224    0    0     0   736 1242 10566 12  5 79  5  0 2021-12-09 10:26:13
 0  0      0 5024432 120876 1314224    0    0     0     0  833 6239  4  3 93  0  0 2021-12-09 10:26:14
 8  0      0 5024684 120896 1314204    0    0     0   504 1023 8271  9  3 84  4  0 2021-12-09 10:26:15
 4  0      0 5024684 120908 1314348    0    0     0   216 1273 9483 11  7 82  1  0 2021-12-09 10:26:16
 0  0      0 5024684 120908 1314348    0    0     0     0  929 6312  6  4 91  0  0 2021-12-09 10:26:17
 0  0      0 5024180 120928 1314472    0    0     0   760 1120 11564 17  7 73  4  0 2021-12-09 10:26:18
 0  0      0 5024180 120928 1314472    0    0     0     0  771 5873  7  4 90  0  0 2021-12-09 10:26:19
 0  1      0 5023928 120932 1314492    0    0     0    96  670 5653  5  3 91  1  0 2021-12-09 10:26:20
 0  0      0 5023928 120960 1314588    0    0     0   648 1734 11581 11  6 79  4  0 2021-12-09 10:26:21
 1  0      0 5023928 120960 1314588    0    0     0     0  946 7231  4  5 92  0  0 2021-12-09 10:26:22
 0  0      0 5023928 120988 1314720    0    0     0   792 1545 11377 14  3 78  5  0 2021-12-09 10:26:23
 0  0      0 5024180 120988 1314724    0    0     0     0  815 6038  4  3 93  0  0 2021-12-09 10:26:24
 0  0      0 5024180 120988 1314724    0    0     0     0  601 5271  4  3 92  0  0 2021-12-09 10:26:25
 0  0      0 5023928 121012 1314840    0    0     0   688 1483 10198 11  6 79  5  0 2021-12-09 10:26:26
 0  0      0 5022416 121012 1314840    0    0     0     4  954 6129  7  3 90  0  0 2021-12-09 10:26:27
 0  0      0 5022668 121040 1314960    0    0     0   848 1606 10386  9  5 82  5  0 2021-12-09 10:26:28
 1  0      0 5022408 121040 1314960    0    0     0     0  816 6677  9  4 87  0  0 2021-12-09 10:26:29
 5  0      0 5023172 121040 1314960    0    0     0     0 1386 9897  4  9 87  0  0 2021-12-09 10:26:30
 0  0      0 5022920 121076 1315088    0    0     0   804 1284 10194 12  4 79  5  0 2021-12-09 10:26:31
 0  0      0 5022920 121076 1315088    0    0     0     0  662 5217  4  2 94  0  0 2021-12-09 10:26:32
 0  1      0 5022352 121088 1315200    0    0     0  1152 1511 10769 12  4 76  9  0 2021-12-09 10:26:33
procs -----------memory---------- ---swap-- -----io---- -system-- ------cpu----- -----timestamp-----
 r  b   swpd   free   buff  cache   si   so    bi    bo   in   cs us sy id wa st                 UTC
 1  0      0 5021848 121088 1315200    0    0     0    68  810 6373  6  3 91  1  0 2021-12-09 10:26:34
 0  0      0 5021596 121088 1315200    0    0     0     0  794 5649  4  2 94  0  0 2021-12-09 10:26:35
 0  0      0 5022080 121096 1315328    0    0     0   816 1757 13069 13  7 76  5  0 2021-12-09 10:26:36
 0  0      0 5023824 121096 1315336    0    0     0     0  949 7073  8  3 90  0  0 2021-12-09 10:26:37
 0  0      0 5024116 121116 1315400    0    0     0   728 1302 9904 12  5 77  5  0 2021-12-09 10:26:38
 1  0      0 5024116 121116 1315460    0    0     0     4  714 5923  5  3 92  0  0 2021-12-09 10:26:39
 0  0      0 5024116 121116 1315464    0    0     0     0  468 4813  3  2 95  0  0 2021-12-09 10:26:40
 0  0      0 5022856 121132 1315600    0    0     0   824 1466 11526 13  4 77  6  0 2021-12-09 10:26:41
 1  0      0 5022856 121132 1315600    0    0     0     0  871 6326  3  3 93  0  0 2021-12-09 10:26:42
 0  0      0 5022856 121152 1315620    0    0     0   704 1549 11031  9  6 81  5  0 2021-12-09 10:26:43
 0  0      0 5022856 121152 1315712    0    0     0     8  915 6573  4  4 93  0  0 2021-12-09 10:26:44
 0  0      0 5023108 121152 1315716    0    0     0     4  747 5956  6  3 91  0  0 2021-12-09 10:26:45
 0  0      0 5023108 121176 1315840    0    0     0   748 1388 10849  8  8 76  8  0 2021-12-09 10:26:46
 1  0      0 5022856 121176 1315840    0    0     0     0  530 5042  6  3 91  0  0 2021-12-09 10:26:47
 5  1      0 5022604 121196 1315888    0    0     0   644  990 8492  9  3 85  4  0 2021-12-09 10:26:48
 0  0      0 5076352 121200 1315956    0    0     0    72 2020 20444 18  9 72  1  0 2021-12-09 10:26:49
 0  0      0 5076352 121200 1315964    0    0     0     0  827 6149  3  4 94  0  0 2021-12-09 10:26:50
 0  0      0 5076604 121200 1315964    0    0     0     4  616 5455  4  3 93  0  0 2021-12-09 10:26:51
 0  0      0 5076604 121200 1315968    0    0     0     0  700 5829  2  3 95  0  0 2021-12-09 10:26:52
 0  0      0 5076604 121200 1315972    0    0     0     0  971 6974  5  3 92  0  0 2021-12-09 10:26:53
 0  0      0 5077124 121200 1315972    0    0     0    20  978 6321  2  4 94  0  0 2021-12-09 10:26:54
procs -----------memory---------- ---swap-- -----io---- -system-- ------cpu----- -----timestamp-----
 r  b   swpd   free   buff  cache   si   so    bi    bo   in   cs us sy id wa st                 UTC
 1  0      0 5077384 121200 1315972    0    0     0     0  856 6547  8  3 90  0  0 2021-12-09 10:26:55
