procs -----------memory---------- ---swap-- -----io---- -system-- ------cpu----- -----timestamp-----
 r  b   swpd   free   buff  cache   si   so    bi    bo   in   cs us sy id wa st                 UTC
 1  0      0 5106760 121220 1316044    0    0    59   100  397  752  6  3 90  1  0 2021-12-09 10:35:23
 0  0      0 5106248 121220 1316048    0    0     0     0  484 4749  3  1 96  0  0 2021-12-09 10:35:24
 0  0      0 5105476 121220 1316052    0    0     0     0  589 4927  5  3 93  0  0 2021-12-09 10:35:25
 0  0      0 5105476 121220 1316052    0    0     0    36  604 5024  5  2 93  0  0 2021-12-09 10:35:26
 3  0      0 5104440 121220 1316052    0    0     0     0  662 5005  2  2 96  0  0 2021-12-09 10:35:27
 6  0      0 5088512 121220 1316052    0    0     0     0  998 7456  8  5 87  0  0 2021-12-09 10:35:28
 1  0      0 5088512 121220 1316052    0    0     0     4  472 4501  6  2 92  0  0 2021-12-09 10:35:29
 3  0      0 5034260 121220 1316060    0    0     0     0  629 7242 65 11 24  0  0 2021-12-09 10:35:30
 0  0      0 5013816 121220 1316064    0    0     0     0  725 7605 43  7 51  0  0 2021-12-09 10:35:31
 2  0      0 5012556 121220 1316064    0    0     0     0  631 5097  5  2 94  0  0 2021-12-09 10:35:32
 0  0      0 5011548 121256 1316100    0    0     0   752 1353 11302 13  4 78  5  0 2021-12-09 10:35:33
 0  0      0 5010044 121256 1316180    0    0     0     0  886 6693  6  3 92  0  0 2021-12-09 10:35:34
 0  0      0 5010044 121256 1316184    0    0     0     4  856 6248  3  3 94  0  0 2021-12-09 10:35:35
 0  0      0 5009776 121272 1316240    0    0     0   984 1450 11853 15  6 77  3  0 2021-12-09 10:35:36
 0  0      0 5010068 121272 1316320    0    0     0     0  732 5567  2  2 96  0  0 2021-12-09 10:35:37
 0  0      0 5009564 121304 1316288    0    0     0   756 1406 9665 12  5 75  9  0 2021-12-09 10:35:38
 0  0      0 5009060 121304 1316436    0    0     0     0  736 6372  9  2 89  0  0 2021-12-09 10:35:39
 0  0      0 5008052 121304 1316436    0    0     0     0  882 6182  6  3 91  0  0 2021-12-09 10:35:40
 0  0      0 5007532 121312 1316500    0    0     0   748 1305 11807 13  7 74  5  0 2021-12-09 10:35:41
 0  0      0 5008016 121312 1316556    0    0     0     0  825 5837  4  3 93  0  0 2021-12-09 10:35:42
 0  0      0 5007296 121352 1316648    0    0     0   752 1402 10601 11  4 79  6  0 2021-12-09 10:35:43
procs -----------memory---------- ---swap-- -----io---- -system-- ------cpu----- -----timestamp-----
 r  b   swpd   free   buff  cache   si   so    bi    bo   in   cs us sy id wa st                 UTC
 2  0      0 5006532 121352 1316672    0    0     0     0  668 5375  6  1 93  0  0 2021-12-09 10:35:44
 0  0      0 5006304 121352 1316672    0    0     0     0  886 6427  4  3 94  0  0 2021-12-09 10:35:45
 0  0      0 5006028 121384 1316700    0    0     0   764 1725 11799 12  5 80  4  0 2021-12-09 10:35:46
 0  0      0 5005540 121384 1316804    0    0     0     4  909 5696  3  2 95  0  0 2021-12-09 10:35:47
 0  0      0 5002224 121416 1316812    0    0     0   728 1463 10174 10  6 79  5  0 2021-12-09 10:35:48
 0  0      0 5001720 121416 1316920    0    0     0     0  764 5857  6  3 91  0  0 2021-12-09 10:35:49
 1  0      0 5001720 121416 1316920    0    0     0     0  766 6311  5  3 92  0  0 2021-12-09 10:35:50
 0  0      0 5001720 121428 1317044    0    0     0   692 1428 11417 12  5 79  5  0 2021-12-09 10:35:51
 0  0      0 5001720 121428 1317044    0    0     0     0  989 7332  6  3 92  0  0 2021-12-09 10:35:52
 0  0      0 5001720 121448 1317172    0    0     0   752  985 9786 10  5 80  5  0 2021-12-09 10:35:53
 0  0      0 5001704 121448 1317172    0    0     0     0  792 6104  5  4 92  0  0 2021-12-09 10:35:54
 0  0      0 5001728 121448 1317172    0    0     0     0  675 5248  3  1 96  0  0 2021-12-09 10:35:55
 0  0      0 5001248 121496 1317408    0    0     0  1828 1742 13783 16  4 68 12  0 2021-12-09 10:35:56
 2  0      0 5000208 121496 1317488    0    0     0    28  709 5250  2  1 97  0  0 2021-12-09 10:35:57
 5  0      0 4999688 121524 1317460    0    0     0   752 1420 11570 14  4 77  6  0 2021-12-09 10:35:58
 9  0      0 5000440 121524 1317632    0    0     0     4 1189 8640  8  5 87  0  0 2021-12-09 10:35:59
 0  0      0 5000216 121524 1317632    0    0     0     0  631 5082  5  2 93  0  0 2021-12-09 10:36:00
 0  0      0 5000208 121540 1317744    0    0     0   760 1258 9487 13  5 76  6  0 2021-12-09 10:36:01
 1  0      0 5000208 121540 1317744    0    0     0    84  828 6294  4  2 95  0  0 2021-12-09 10:36:02
 2  0      0 4999452 121552 1317864    0    0     0   784 1583 10556 10  5 74 12  0 2021-12-09 10:36:03
 0  0      0 4999208 121552 1317864    0    0     0     0  524 4891  5  2 93  0  0 2021-12-09 10:36:04
procs -----------memory---------- ---swap-- -----io---- -system-- ------cpu----- -----timestamp-----
 r  b   swpd   free   buff  cache   si   so    bi    bo   in   cs us sy id wa st                 UTC
 2  0      0 4998444 121552 1317864    0    0     0     4  657 5634  2  3 95  0  0 2021-12-09 10:36:05
 1  0      0 4999172 121560 1317948    0    0     0   772 1518 12545 15  7 74  4  0 2021-12-09 10:36:06
 0  0      0 4999200 121560 1317988    0    0     0   332  959 6353  4  2 95  0  0 2021-12-09 10:36:07
 3  0      0 4998948 121592 1317956    0    0     0   776 1070 8551 10  4 80  7  0 2021-12-09 10:36:08
 0  0      0 4998444 121592 1318116    0    0     0     0  785 6735  6  3 91  0  0 2021-12-09 10:36:09
 0  0      0 4998192 121592 1318116    0    0     0     0  850 5915  7  3 89  0  0 2021-12-09 10:36:10
 0  0      0 4997184 121620 1318088    0    0     0   744 1183 9938 15  7 73  5  0 2021-12-09 10:36:11
 0  0      0 4996428 121620 1318248    0    0     0     0  671 5369  4  3 93  0  0 2021-12-09 10:36:12
 0  0      0 4995680 121636 1318232    0    0     0   748 1598 12141 13 10 73  5  0 2021-12-09 10:36:13
 0  0      0 4997184 121636 1318360    0    0     0     0  929 7651  8  4 88  0  0 2021-12-09 10:36:14
 0  0      0 4997920 121636 1318360    0    0     0     0  831 5704  3  2 95  0  0 2021-12-09 10:36:15
 0  0      0 4997184 121660 1318488    0    0     0   696 1164 9509 11  2 83  4  0 2021-12-09 10:36:16
 0  0      0 4997184 121660 1318488    0    0     0     4  716 5511  5  3 93  0  0 2021-12-09 10:36:17
 1  0      0 4995412 121676 1318628    0    0     0   824 1551 11139 12  5 80  4  0 2021-12-09 10:36:18
 0  0      0 4995412 121676 1318628    0    0     0     0  791 5683  6  2 92  0  0 2021-12-09 10:36:19
 0  0      0 4995160 121676 1318632    0    0     0     0  639 5055  3  2 95  0  0 2021-12-09 10:36:20
 0  0      0 4992640 121708 1318748    0    0     0   696 1421 9951 13  3 79  5  0 2021-12-09 10:36:21
 0  0      0 4993336 121708 1318748    0    0     0     0 1031 7175  4  5 92  0  0 2021-12-09 10:36:22
 1  0      0 4995160 121724 1318876    0    0     0   744 1536 11503 13  5 78  4  0 2021-12-09 10:36:23
 0  0      0 4995160 121724 1318876    0    0     0     4  910 5646  4  1 95  0  0 2021-12-09 10:36:24
 4  1      0 4994656 121728 1318900    0    0     0   360 1138 8055  5  3 90  3  0 2021-12-09 10:36:25
procs -----------memory---------- ---swap-- -----io---- -system-- ------cpu----- -----timestamp-----
 r  b   swpd   free   buff  cache   si   so    bi    bo   in   cs us sy id wa st                 UTC
 2  0      0 4995412 121736 1319000    0    0     0   396 1436 9840 12  5 82  2  0 2021-12-09 10:36:26
 2  0      0 4995392 121736 1319000    0    0     0     0  614 5074  3  2 95  0  0 2021-12-09 10:36:27
 1  0      0 4994152 121752 1319132    0    0     0   800 1229 11165 14  5 76  6  0 2021-12-09 10:36:28
 1  0      0 4994616 121752 1319132    0    0     0     0  892 5943  6  1 93  0  0 2021-12-09 10:36:29
 1  1      0 4995412 121752 1319152    0    0     0   272 1242 8929  6  6 85  4  0 2021-12-09 10:36:30
 0  0      0 4995660 121764 1319180    0    0     0   572 1301 10090 13  7 78  3  0 2021-12-09 10:36:31
 0  0      0 4995904 121764 1319252    0    0     0     0 1215 7810  4  2 94  0  0 2021-12-09 10:36:32
 0  0      0 4997588 121788 1316276    0    0     0   740 1286 9781 12  5 80  5  0 2021-12-09 10:36:33
 0  0      0 4997696 121788 1316244    0    0     0     0  807 5528  5  3 92  0  0 2021-12-09 10:36:34
 0  1      0 4997912 121788 1316260    0    0     0   200  985 7657  5  3 88  4  0 2021-12-09 10:36:35
 0  0      0 4998436 121828 1316364    0    0     0   656 1617 9985 11  4 82  3  0 2021-12-09 10:36:36
 1  0      0 4998436 121828 1316364    0    0     0     0  947 5742  3  3 95  0  0 2021-12-09 10:36:37
 0  0      0 4997948 121840 1316448    0    0     0   824 1782 11637 13  5 78  5  0 2021-12-09 10:36:38
 0  0      0 4998184 121840 1316484    0    0     0     0 1033 6934  7  3 91  0  0 2021-12-09 10:36:39
 7  1      0 4997680 121860 1316516    0    0     0   520 1416 9847 10  5 82  4  0 2021-12-09 10:36:40
 0  0      0 4997656 121868 1316608    0    0     0   208 1125 8488  8  4 88  1  0 2021-12-09 10:36:41
 0  0      0 4998184 121868 1316616    0    0     0     4  854 5969  3  3 94  0  0 2021-12-09 10:36:42
 0  0      0 4998184 121908 1316576    0    0     0  1120 1457 10169 12  4 79  6  0 2021-12-09 10:36:43
 0  0      0 4998436 121908 1316740    0    0     0     0  794 6175  3  4 94  0  0 2021-12-09 10:36:44
 0  1      0 4999444 121924 1316868    0    0     0   800 1251 10385  9  4 80  7  0 2021-12-09 10:36:45
 0  0      0 4999444 121928 1316868    0    0     0    24 1010 6827  7  3 89  0  0 2021-12-09 10:36:46
procs -----------memory---------- ---swap-- -----io---- -system-- ------cpu----- -----timestamp-----
 r  b   swpd   free   buff  cache   si   so    bi    bo   in   cs us sy id wa st                 UTC
 5  0      0 4999444 121928 1316868    0    0     0     0  754 5894  2  1 97  0  0 2021-12-09 10:36:47
 0  0      0 4999192 121952 1316980    0    0     0   760 1487 10114 11  5 80  5  0 2021-12-09 10:36:48
 0  0      0 4998940 121952 1316980    0    0     0     0  820 5299  5  3 93  0  0 2021-12-09 10:36:49
 0  0      0 4998436 121988 1317064    0    0     0   704 1722 11906 11  5 79  5  0 2021-12-09 10:36:50
 0  0      0 4998436 121988 1317120    0    0     0     0  814 6369  7  3 91  0  0 2021-12-09 10:36:51
 0  0      0 4998184 121988 1317120    0    0     0     0 1001 6662  5  3 92  0  0 2021-12-09 10:36:52
 0  0      0 4998672 122024 1317136    0    0     0   800 1616 11063 13  4 79  5  0 2021-12-09 10:36:53
 0  0      0 4998680 122024 1317236    0    0     0     4  753 6352  6  2 92  0  0 2021-12-09 10:36:54
 0  0      0 4998184 122048 1317304    0    0     0   740 1378 10240 14  3 78  4  0 2021-12-09 10:36:55
 0  0      0 4997940 122048 1317356    0    0     0     0  626 5611  5  4 91  0  0 2021-12-09 10:36:56
 0  0      0 4997876 122048 1317352    0    0     0     0  780 6188  5  5 90  0  0 2021-12-09 10:36:57
 0  0      0 4996672 122072 1317408    0    0     0   800 1501 12537 17  6 73  5  0 2021-12-09 10:36:58
 0  0      0 4996864 122072 1317476    0    0     0     0  808 6237  7  3 90  0  0 2021-12-09 10:36:59
 0  0      0 4997172 122104 1317516    0    0     0   800 1492 10265 11  5 80  5  0 2021-12-09 10:37:00
 0  0      0 4996892 122104 1317592    0    0     0     0  748 5770  5  3 93  0  0 2021-12-09 10:37:01
 0  0      0 4996924 122104 1317592    0    0     0     0  858 6339  5  2 93  0  0 2021-12-09 10:37:02
 0  0      0 4996656 122128 1317640    0    0     0   816 1579 10251 12  4 79  6  0 2021-12-09 10:37:03
 0  0      0 4996672 122128 1317736    0    0     0    32 1065 7328  5  2 94  0  0 2021-12-09 10:37:04
 0  0      0 4996420 122144 1317796    0    0     0   772 1491 11687 12  7 78  4  0 2021-12-09 10:37:05
 0  0      0 4996948 122144 1317848    0    0     0     4  729 5835  5  2 93  0  0 2021-12-09 10:37:06
 0  1      0 4997164 122148 1317872    0    0     0   420 1019 8044  4  3 90  3  0 2021-12-09 10:37:07
procs -----------memory---------- ---swap-- -----io---- -system-- ------cpu----- -----timestamp-----
 r  b   swpd   free   buff  cache   si   so    bi    bo   in   cs us sy id wa st                 UTC
 1  0      0 4996924 122152 1317984    0    0     0   344 1202 9002 11  5 83  2  0 2021-12-09 10:37:08
 0  0      0 4996924 122152 1317984    0    0     0    60  754 6011  6  2 92  0  0 2021-12-09 10:37:09
 0  0      0 4996420 122168 1318112    0    0     0   768 1115 9533 14  4 77  5  0 2021-12-09 10:37:10
 0  0      0 4996160 122168 1318116    0    0     0     0  848 6281  4  2 94  0  0 2021-12-09 10:37:11
 5  1      0 4996672 122188 1318216    0    0     0   744 1263 9822 11  4 82  4  0 2021-12-09 10:37:12
 0  0      0 4996672 122192 1318220    0    0     0    52  900 6681  6  2 92  1  0 2021-12-09 10:37:13
 0  0      0 4996672 122192 1318220    0    0     0     0  676 5443  5  3 93  0  0 2021-12-09 10:37:14
 0  0      0 4996664 122212 1318276    0    0     0   704 1437 10740 10  4 80  6  0 2021-12-09 10:37:15
 0  0      0 5026624 122212 1318364    0    0     0     0 1061 6574  5  3 92  0  0 2021-12-09 10:37:16
 2  0      0 5026660 122224 1318468    0    0     0   704 1408 10793 13  6 78  4  0 2021-12-09 10:37:17
 0  0      0 5025904 122224 1318472    0    0     0     4  836 6697  6  4 91  0  0 2021-12-09 10:37:18
 0  0      0 5025644 122224 1318472    0    0     0   260  584 5970  8  3 90  0  0 2021-12-09 10:37:19
 1  0      0 5024644 122248 1318604    0    0     0   812 1375 10383 13  4 79  5  0 2021-12-09 10:37:20
 0  0      0 5024132 122248 1318604    0    0     0     0  839 5635  4  2 94  0  0 2021-12-09 10:37:21
 3  0      0 5023384 122272 1318720    0    0     0   736 1278 11236 14  5 77  5  0 2021-12-09 10:37:22
 0  0      0 5023384 122272 1318724    0    0     0     0  916 6623  5  3 93  0  0 2021-12-09 10:37:23
 0  0      0 5023376 122272 1318728    0    0     0     4  611 5591  5  3 92  0  0 2021-12-09 10:37:24
 0  0      0 5021612 122296 1318788    0    0     0   708 1227 9980 13  5 77  5  0 2021-12-09 10:37:25
 8  0      0 5021628 122296 1318864    0    0     0     0  600 5090  4  2 94  0  0 2021-12-09 10:37:26
 0  0      0 5022628 122312 1318976    0    0     0   720 1343 10434 10  4 81  5  0 2021-12-09 10:37:27
 0  0      0 5023116 122312 1318976    0    0     0     0  951 6576  6  3 92  0  0 2021-12-09 10:37:28
procs -----------memory---------- ---swap-- -----io---- -system-- ------cpu----- -----timestamp-----
 r  b   swpd   free   buff  cache   si   so    bi    bo   in   cs us sy id wa st                 UTC
 1  0      0 5022880 122312 1318976    0    0     0    20  680 5320  6  2 92  0  0 2021-12-09 10:37:29
 0  0      0 5023636 122328 1319052    0    0     0   748 2140 15802 15 10 69  6  0 2021-12-09 10:37:30
 0  0      0 5023636 122328 1319092    0    0     0     0  898 6644  5  3 92  0  0 2021-12-09 10:37:31
 0  0      0 5023636 122336 1319084    0    0     0   724 1388 10184 12  5 78  6  0 2021-12-09 10:37:32
 0  0      0 5023636 122336 1319228    0    0     0     0  801 5993  4  3 94  0  0 2021-12-09 10:37:33
 0  0      0 5023392 122336 1319228    0    0     0    20  771 6659  5  3 92  0  0 2021-12-09 10:37:34
 0  0      0 5023384 122348 1319336    0    0     0   760 1251 10060 11  5 80  5  0 2021-12-09 10:37:35
 0  0      0 5023360 122348 1319336    0    0     0     4 1051 7118  6  3 91  0  0 2021-12-09 10:37:36
 0  1      0 5022628 122380 1319732    0    0     0  1896 1932 12301 12  9 66 14  0 2021-12-09 10:37:37
 0  0      0 5021872 122380 1319692    0    0     0     0  908 6204  7  3 90  1  0 2021-12-09 10:37:38
 0  0      0 5022124 122380 1319696    0    0     0    16 1013 7381  7  3 90  0  0 2021-12-09 10:37:39
 0  0      0 5021872 122404 1319824    0    0     0   800 1420 11247 11  6 78  6  0 2021-12-09 10:37:40
 0  0      0 5021344 122404 1319824    0    0     0     0  683 5728  5  2 93  0  0 2021-12-09 10:37:41
 2  0      0 5021368 122424 1319960    0    0     0   724 1436 10686 14  6 75  6  0 2021-12-09 10:37:42
 0  0      0 5021368 122424 1319960    0    0     0     0  790 6004  4  1 95  0  0 2021-12-09 10:37:43
 1  0      0 5020864 122424 1319960    0    0     0    72  516 4749  4  2 94  0  0 2021-12-09 10:37:44
 0  0      0 5020300 122444 1319940    0    0     0   764 1818 13120 11  7 76  7  0 2021-12-09 10:37:45
 0  0      0 5023636 122444 1316920    0    0     0     0  791 5584  5  2 94  0  0 2021-12-09 10:37:46
 0  0      0 5022880 122468 1317028    0    0     0   776 1333 11208 13  5 76  6  0 2021-12-09 10:37:47
 0  0      0 5023384 122468 1317040    0    0     0     4  706 6230  5  4 91  0  0 2021-12-09 10:37:48
 0  0      0 5023876 122468 1317044    0    0     0     0  534 5010  4  2 94  0  0 2021-12-09 10:37:49
procs -----------memory---------- ---swap-- -----io---- -system-- ------cpu----- -----timestamp-----
 r  b   swpd   free   buff  cache   si   so    bi    bo   in   cs us sy id wa st                 UTC
 1  0      0 5023644 122492 1317136    0    0     0   784 1342 11122 17  4 75  4  0 2021-12-09 10:37:50
 0  0      0 5023636 122492 1317176    0    0     0     0  944 5927  4  3 94  0  0 2021-12-09 10:37:51
 0  0      0 5022888 122504 1317216    0    0     0   768 1370 11050 14  5 77  4  0 2021-12-09 10:37:52
 0  0      0 5022880 122504 1317288    0    0     0     0 1089 7308  5  2 93  0  0 2021-12-09 10:37:53
 0  0      0 5022872 122504 1317288    0    0     0     4  747 6711  6  3 92  0  0 2021-12-09 10:37:54
 0  0      0 5023124 122520 1317320    0    0     0  1088 1339 10344 11  6 74 10  0 2021-12-09 10:37:55
 0  0      0 5022880 122520 1317424    0    0     0     0  706 5672  4  3 93  0  0 2021-12-09 10:37:56
 0  0      0 5020864 122528 1317552    0    0     0   704 1598 11139  9  6 81  5  0 2021-12-09 10:37:57
 0  0      0 5021872 122528 1317552    0    0     0     0 1036 6947  5  4 91  0  0 2021-12-09 10:37:58
 0  0      0 5022124 122528 1317552    0    0     0     0  905 6024  5  2 93  0  0 2021-12-09 10:37:59
 0  0      0 5022588 122544 1317536    0    0     0   792 1752 12430 12  6 78  5  0 2021-12-09 10:38:00
 0  0      0 5022376 122544 1317672    0    0     0     0  605 5318  4  2 94  0  0 2021-12-09 10:38:01
 2  0      0 5022628 122556 1317788    0    0     0   772 1063 10116 12  7 75  6  0 2021-12-09 10:38:02
 0  0      0 5022880 122556 1317788    0    0     0     0  509 4714  2  3 96  0  0 2021-12-09 10:38:03
 0  1      0 5022904 122556 1317792    0    0     0    84  551 4941  4  2 94  1  0 2021-12-09 10:38:04
 0  0      0 5022628 122584 1317904    0    0     0   688 1468 9592 11  5 81  3  0 2021-12-09 10:38:05
 0  0      0 5021872 122584 1317908    0    0     0     4  707 6247  5  2 93  0  0 2021-12-09 10:38:06
 0  0      0 5023132 122604 1318012    0    0     0   780 1622 10916 11  5 78  6  0 2021-12-09 10:38:07
 0  0      0 5023112 122604 1318012    0    0     0     0  918 7068  5  4 92  0  0 2021-12-09 10:38:08
 5  1      0 5023132 122608 1318048    0    0     0   312  838 7046  7  4 88  2  0 2021-12-09 10:38:09
 0  0      0 5023132 122620 1318152    0    0     0   476 1446 11176 13  6 79  2  0 2021-12-09 10:38:10
procs -----------memory---------- ---swap-- -----io---- -system-- ------cpu----- -----timestamp-----
 r  b   swpd   free   buff  cache   si   so    bi    bo   in   cs us sy id wa st                 UTC
 1  0      0 5022880 122620 1318152    0    0     0     0  879 5715  4  2 94  0  0 2021-12-09 10:38:11
 0  0      0 5023128 122632 1318220    0    0     0   780 1269 10533 16  7 74  4  0 2021-12-09 10:38:12
 0  0      0 5023100 122632 1318300    0    0     0     0  602 5180  1  2 97  0  0 2021-12-09 10:38:13
 8  0      0 5021084 122644 1318364    0    0     0   476 1238 9376  9  6 83  3  0 2021-12-09 10:38:14
 1  0      0 5021084 122648 1318424    0    0     0   372 1020 7799  8  4 87  1  0 2021-12-09 10:38:15
 0  0      0 5021084 122648 1318424    0    0     0     0  676 5081  4  3 93  0  0 2021-12-09 10:38:16
 0  0      0 5019824 122656 1318568    0    0     0   792 1640 13115 13  6 76  5  0 2021-12-09 10:38:17
 1  0      0 5019320 122656 1318568    0    0     0     4 1014 7318  7  3 90  0  0 2021-12-09 10:38:18
 3  0      0 5019068 122668 1318692    0    0     0   780 1620 11009 12  4 78  6  0 2021-12-09 10:38:19
 0  0      0 5017052 122668 1318696    0    0     0     0  997 7335 11  4 86  0  0 2021-12-09 10:38:20
 0  0      0 5017052 122668 1318696    0    0     0     0  838 6428  5  2 93  0  0 2021-12-09 10:38:21
 0  0      0 5015540 122680 1318828    0    0     0   740 1485 11016 10  6 80  4  0 2021-12-09 10:38:22
 0  0      0 5016004 122680 1318828    0    0     0     0  957 6120  4  3 94  0  0 2021-12-09 10:38:23
 0  0      0 5015768 122696 1318940    0    0     0   768 1451 10333 13  4 79  5  0 2021-12-09 10:38:24
 0  0      0 5016020 122696 1318972    0    0     0   264 1143 7639  6  3 91  0  0 2021-12-09 10:38:25
 0  0      0 5016008 122696 1318972    0    0     0     0  857 5576  4  2 95  0  0 2021-12-09 10:38:26
 0  0      0 5014748 122704 1319100    0    0     0   744 1802 11932 11  5 77  7  0 2021-12-09 10:38:27
 3  0      0 5015036 122704 1319104    0    0     0     0  692 5353  5  4 92  0  0 2021-12-09 10:38:28
 0  0      0 5015540 122720 1319236    0    0     0   732 1377 12166 11  7 79  4  0 2021-12-09 10:38:29
 2  0      0 5015540 122720 1319240    0    0     0     4 1082 8867  9  9 83  0  0 2021-12-09 10:38:30
 0  0      0 5015532 122720 1319240    0    0     0    20  869 6754  5  3 93  0  0 2021-12-09 10:38:31
procs -----------memory---------- ---swap-- -----io---- -system-- ------cpu----- -----timestamp-----
 r  b   swpd   free   buff  cache   si   so    bi    bo   in   cs us sy id wa st                 UTC
 2  0      0 5015296 122724 1319372    0    0     0   804 1544 11340 10  5 80  5  0 2021-12-09 10:38:32
 1  0      0 5015312 122724 1319380    0    0     0     0  707 5879  3  3 94  0  0 2021-12-09 10:38:33
18  0      0 5014532 122740 1319512    0    0     0   772 1479 10455 11  5 80  4  0 2021-12-09 10:38:34
 0  0      0 5014532 122740 1319512    0    0     0     0 1007 7066  4  4 92  0  0 2021-12-09 10:38:35
 0  0      0 5014532 122740 1319512    0    0     0    20  812 5931  4  2 94  0  0 2021-12-09 10:38:36
 0  0      0 5013776 122752 1319640    0    0     0   776 1221 9935 12  5 78  6  0 2021-12-09 10:38:37
 7  0      0 5014280 122752 1319644    0    0     0     0  791 5288  4  3 94  0  0 2021-12-09 10:38:38
 0  0      0 5014028 122772 1319772    0    0     0   736 1522 11076 13  5 78  5  0 2021-12-09 10:38:39
 0  0      0 5014028 122772 1319772    0    0     0     0  776 5448  6  2 92  0  0 2021-12-09 10:38:40
 8  1      0 5014028 122784 1319768    0    0     0   324  925 7281  6  2 90  3  0 2021-12-09 10:38:41
 0  0      0 5014028 122788 1319920    0    0     0   456 1367 11508 13  5 79  3  0 2021-12-09 10:38:42
 0  0      0 5014260 122788 1319920    0    0     0     0  640 5328  3  2 95  0  0 2021-12-09 10:38:43
 0  0      0 5013524 122808 1320060    0    0     0   792 1517 10174 10  5 82  3  0 2021-12-09 10:38:44
 0  0      0 5014028 122808 1320064    0    0     0     0  932 6438  4  2 94  0  0 2021-12-09 10:38:45
 0  1      0 5014280 122820 1320128    0    0     0   476  987 8484  8  4 85  4  0 2021-12-09 10:38:46
 0  0      0 5014280 122824 1320212    0    0     0   336 1200 8704  8  5 86  2  0 2021-12-09 10:38:47
 0  0      0 5014028 122824 1320212    0    0     0     4  733 6109  3  3 94  0  0 2021-12-09 10:38:48
 0  0      0 5012516 122840 1320348    0    0     0   752 1511 11983 11  8 77  5  0 2021-12-09 10:38:49
 0  0      0 5013272 122840 1320348    0    0     0     0  981 6855  6  4 90  0  0 2021-12-09 10:38:50
 4  0      0 5012516 122860 1320488    0    0     0   912 1019 8989 10  5 81  5  0 2021-12-09 10:38:51
 0  0      0 5012264 122860 1320492    0    0     0     0 1031 7545  5  4 92  0  0 2021-12-09 10:38:52
procs -----------memory---------- ---swap-- -----io---- -system-- ------cpu----- -----timestamp-----
 r  b   swpd   free   buff  cache   si   so    bi    bo   in   cs us sy id wa st                 UTC
 1  0      0 5012264 122860 1320496    0    0     0     0  733 5904  4  2 95  0  0 2021-12-09 10:38:53
 0  0      0 5012012 122880 1320548    0    0     0   736 1370 11879 15  5 75  5  0 2021-12-09 10:38:54
 0  0      0 5012264 122880 1320636    0    0     0     0 1059 6870  3  3 95  0  0 2021-12-09 10:38:55
 1  0      0 5012516 122916 1320772    0    0     0   784 1663 11346 12  4 81  5  0 2021-12-09 10:38:56
 2  0      0 5011996 122916 1320776    0    0     0     0 1000 6167  3  2 95  0  0 2021-12-09 10:38:57
 0  0      0 5011508 122916 1320776    0    0     0     0  868 5929  5  3 93  0  0 2021-12-09 10:38:58
 0  0      0 5012436 122936 1320872    0    0     0   740 1474 10712 13  5 77  6  0 2021-12-09 10:38:59
 0  0      0 5013020 122936 1320920    0    0     0     4  698 6024  8  3 88  0  0 2021-12-09 10:39:00
 0  0      0 5013020 122956 1321056    0    0     0  1116 1257 10097 10  5 77  9  0 2021-12-09 10:39:01
 0  0      0 5020808 122956 1321056    0    0     0     0  816 6018  9  2 89  0  0 2021-12-09 10:39:02
 0  0      0 5021084 122956 1321060    0    0     0     0  799 6697  4  2 95  0  0 2021-12-09 10:39:03
 0  0      0 5019572 122988 1321192    0    0     0   756 1101 10615 13  6 77  4  0 2021-12-09 10:39:04
 0  0      0 5019572 122988 1321192    0    0     0     0  561 5385  6  2 92  0  0 2021-12-09 10:39:05
 0  1      0 5017052 123008 1321588    0    0     0  1796 1861 13902 15  6 70  9  0 2021-12-09 10:39:06
 0  0      0 5019492 123012 1318556    0    0     0   128  769 5795  4  3 92  1  0 2021-12-09 10:39:07
 0  0      0 5020076 123012 1318456    0    0     0     0  706 5814  4  2 94  0  0 2021-12-09 10:39:08
 0  0      0 5020328 123012 1318604    0    0     0   820 1347 12178 20  5 67  8  0 2021-12-09 10:39:09
 0  0      0 5020328 123012 1318604    0    0     0     0  710 5929  9  3 89  0  0 2021-12-09 10:39:10
 0  0      0 5019068 123024 1318740    0    0     0   788 1201 11196 12  5 77  6  0 2021-12-09 10:39:11
 2  0      0 5018816 123024 1318740    0    0     0     4  882 7316 12  5 83  0  0 2021-12-09 10:39:12
 2  0      0 5019320 123024 1318740    0    0     0     0  898 5993  5  4 91  0  0 2021-12-09 10:39:13
procs -----------memory---------- ---swap-- -----io---- -system-- ------cpu----- -----timestamp-----
 r  b   swpd   free   buff  cache   si   so    bi    bo   in   cs us sy id wa st                 UTC
 2  0      0 5018564 123044 1318864    0    0     0   736 1296 10548 12  5 78  5  0 2021-12-09 10:39:14
 0  0      0 5018796 123044 1318864    0    0     0     0  788 5762  4  3 94  0  0 2021-12-09 10:39:15
 0  0      0 5019068 123052 1319016    0    0     0   796 1380 10155 10  3 82  5  0 2021-12-09 10:39:16
 0  0      0 5018832 123052 1319016    0    0     0     8  956 6206  6  2 92  0  0 2021-12-09 10:39:17
 0  0      0 5019068 123052 1319020    0    0     0     4  645 5412  4  3 94  0  0 2021-12-09 10:39:18
 0  0      0 5018564 123076 1319144    0    0     0   768 1435 10911 15  5 77  4  0 2021-12-09 10:39:19
 0  0      0 5018564 123076 1319144    0    0     0     0  599 5318  6  2 93  0  0 2021-12-09 10:39:20
 0  0      0 5018312 123088 1319284    0    0     0   740 1518 11697 12  7 77  5  0 2021-12-09 10:39:21
 0  0      0 5018580 123088 1319284    0    0     0    64 1238 7967  6  3 91  0  0 2021-12-09 10:39:22
 0  0      0 5018776 123088 1319284    0    0     0     0  690 5336  4  3 93  0  0 2021-12-09 10:39:23
 0  0      0 5018816 123116 1319420    0    0     0   800 1446 10586 15  5 76  5  0 2021-12-09 10:39:24
 0  0      0 5018824 123116 1319420    0    0     0     0  621 5318  3  3 95  0  0 2021-12-09 10:39:25
 1  0      0 5018312 123152 1319556    0    0     0   804 1472 12027 15  7 73  5  0 2021-12-09 10:39:26
 0  0      0 5018564 123152 1319560    0    0     0     0  776 6237  3  3 95  0  0 2021-12-09 10:39:27
 0  1      0 5019068 123160 1319564    0    0     0    56  858 6752  5  2 94  0  0 2021-12-09 10:39:28
 0  0      0 5019068 123200 1319692    0    0     0   736 1261 10101 13  6 78  4  0 2021-12-09 10:39:29
 0  0      0 5018816 123200 1319692    0    0     0     4 1417 10131  7  8 86  0  0 2021-12-09 10:39:30
 0  0      0 5018564 123216 1319812    0    0     0   764 1628 11548 13  6 77  5  0 2021-12-09 10:39:31
 0  0      0 5018564 123216 1319812    0    0     0   352  731 5603  3  3 94  0  0 2021-12-09 10:39:32
 0  1      0 5018564 123232 1319840    0    0     0   292  634 5806  3  3 92  3  0 2021-12-09 10:39:33
 0  0      0 5017556 123240 1319956    0    0     0   548 1332 9161 14  3 80  3  0 2021-12-09 10:39:34
procs -----------memory---------- ---swap-- -----io---- -system-- ------cpu----- -----timestamp-----
 r  b   swpd   free   buff  cache   si   so    bi    bo   in   cs us sy id wa st                 UTC
 2  0      0 5017808 123240 1319956    0    0     0     0  945 7432  4  3 94  0  0 2021-12-09 10:39:35
 0  0      0 5017792 123252 1320088    0    0     0   748 1392 11618 15  6 76  4  0 2021-12-09 10:39:36
 0  0      0 5018060 123252 1320092    0    0     0    20  697 5342  3  1 96  0  0 2021-12-09 10:39:37
11  0      0 5018816 123252 1320124    0    0     0   320 1082 8757  5  5 87  3  0 2021-12-09 10:39:38
 0  0      0 5018564 123252 1320232    0    0     0   452 1475 9774 11  4 84  2  0 2021-12-09 10:39:39
 0  0      0 5018060 123252 1320236    0    0     0     0  538 5300  6  2 92  0  0 2021-12-09 10:39:40
 0  0      0 5015792 123280 1320360    0    0     0   772 1410 10717 12  7 76  6  0 2021-12-09 10:39:41
 1  0      0 5017052 123280 1320364    0    0     0     4  927 5989  4  2 93  0  0 2021-12-09 10:39:42
 0  1      0 5017052 123304 1320500    0    0     0   664 1387 9239  9  3 85  3  0 2021-12-09 10:39:43
 1  0      0 5017304 123304 1320512    0    0     0    88  870 7874  6  4 90  1  0 2021-12-09 10:39:44
 0  0      0 5018312 123304 1320512    0    0     0     0  776 6194  5  3 93  0  0 2021-12-09 10:39:45
 0  0      0 5018312 123324 1320640    0    0     0   788 1473 10959 11  5 79  5  0 2021-12-09 10:39:46
 0  0      0 5018312 123324 1320640    0    0     0     8  703 5637  3  3 95  0  0 2021-12-09 10:39:47
 0  0      0 5017304 123340 1320760    0    0     0   812  953 9072 10  4 83  4  0 2021-12-09 10:39:48
 0  0      0 5016800 123340 1320764    0    0     0     0  719 5827  6  2 93  0  0 2021-12-09 10:39:49
 0  0      0 5016800 123340 1320768    0    0     0     0  828 6719  6  2 92  0  0 2021-12-09 10:39:50
 0  0      0 5017556 123360 1320916    0    0     0   816 1683 12452 14  4 80  3  0 2021-12-09 10:39:51
 5  0      0 5017304 123360 1320920    0    0     0     8  507 5015  4  3 93  0  0 2021-12-09 10:39:52
 0  0      0 5016044 123360 1321044    0    0     0   756 1346 9342 10  2 83  5  0 2021-12-09 10:39:53
 2  0      0 5015540 123360 1321044    0    0     0     4  640 5603  5  3 92  0  0 2021-12-09 10:39:54
 0  0      0 5015540 123360 1321044    0    0     0     0  784 6197  5  3 92  0  0 2021-12-09 10:39:55
procs -----------memory---------- ---swap-- -----io---- -system-- ------cpu----- -----timestamp-----
 r  b   swpd   free   buff  cache   si   so    bi    bo   in   cs us sy id wa st                 UTC
 1  0      0 5015540 123380 1321184    0    0     0   748 1511 10649 13  4 79  5  0 2021-12-09 10:39:56
 0  0      0 5015540 123380 1321184    0    0     0     0  586 5111  5  2 93  0  0 2021-12-09 10:39:57
 6  0      0 5015540 123408 1321324    0    0     0   788 1598 12061 13  7 75  4  0 2021-12-09 10:39:58
 0  0      0 5015792 123408 1321324    0    0     0     0  845 6306  7  3 90  0  0 2021-12-09 10:39:59
 0  0      0 5015792 123408 1321328    0    0     0     4  748 6592  9  5 85  0  0 2021-12-09 10:40:00
 0  0      0 5014784 123416 1321472    0    0     0   796 1749 12330 12  6 78  5  0 2021-12-09 10:40:01
 0  0      0 5014784 123416 1321472    0    0     0     0  884 6723  8  2 90  0  0 2021-12-09 10:40:02
 0  0      0 5014028 123416 1321600    0    0     0   832 1612 10895 11  6 79  4  0 2021-12-09 10:40:03
 1  0      0 5013776 123416 1321600    0    0     0     0  682 5463  4  2 94  0  0 2021-12-09 10:40:04
 4  1      0 5013524 123416 1321632    0    0     0   412 1070 8914  7  4 86  3  0 2021-12-09 10:40:05
 0  0      0 5012516 123416 1321724    0    0     0   360  992 9255 10  5 84  1  0 2021-12-09 10:40:06
 0  0      0 5013272 123416 1321728    0    0     0     0  834 6155  3  2 95  0  0 2021-12-09 10:40:07
 0  0      0 5012768 123424 1321880    0    0     0  1148 1514 10551 11  6 79  4  0 2021-12-09 10:40:08
 0  0      0 5012264 123424 1321880    0    0     0     0  715 5279  3  2 95  0  0 2021-12-09 10:40:09
 0  1      0 5011760 123424 1321904    0    0     0   244  853 7087  7  4 82  7  0 2021-12-09 10:40:10
 0  0      0 5009492 123436 1322008    0    0     0   552 1677 11205 14  5 72 10  0 2021-12-09 10:40:11
 0  0      0 5011760 123436 1322008    0    0     0     4  933 6166  5  2 93  0  0 2021-12-09 10:40:12
 0  0      0 5011004 123456 1322160    0    0     0   760 1380 10351  9  6 80  5  0 2021-12-09 10:40:13
 5  0      0 5011216 123456 1322160    0    0     0     0  792 5927  4  2 94  0  0 2021-12-09 10:40:14
 0  0      0 5011508 123456 1322164    0    0     0     0  941 6590  5  3 93  0  0 2021-12-09 10:40:15
 0  0      0 5011004 123480 1322296    0    0     0   720 1407 10261 11  5 80  5  0 2021-12-09 10:40:16
procs -----------memory---------- ---swap-- -----io---- -system-- ------cpu----- -----timestamp-----
 r  b   swpd   free   buff  cache   si   so    bi    bo   in   cs us sy id wa st                 UTC
 3  0      0 5010752 123480 1322300    0    0     0     0  752 5453  2  2 96  0  0 2021-12-09 10:40:17
 0  0      0 5009492 123492 1322436    0    0     0   756 1270 12302 14  6 77  4  0 2021-12-09 10:40:18
 0  0      0 5009492 123492 1322436    0    0     0     0  972 6748  5  2 93  0  0 2021-12-09 10:40:19
 0  0      0 5009744 123492 1322436    0    0     0     0 1153 7558  6  3 91  0  0 2021-12-09 10:40:20
 0  0      0 5009240 123496 1322568    0    0     0   744 1403 10412 13  4 69 14  0 2021-12-09 10:40:21
 0  0      0 5010500 123496 1322568    0    0     0     0  671 5844  3  4 93  0  0 2021-12-09 10:40:22
 0  0      0 5009492 123516 1322728    0    0     0   852 1287 10281 12  5 79  6  0 2021-12-09 10:40:23
 0  0      0 5009492 123516 1322728    0    0     0     4  978 7112  6  3 91  0  0 2021-12-09 10:40:24
 0  0      0 5009744 123516 1322732    0    0     0     0  969 6647  4  3 93  0  0 2021-12-09 10:40:25
 0  0      0 5010752 123532 1322868    0    0     0   812 1634 11595 14  5 76  4  0 2021-12-09 10:40:26
 0  0      0 5010500 123532 1322868    0    0     0     0  614 5291  5  1 94  0  0 2021-12-09 10:40:27
 0  0      0 5009492 123556 1322996    0    0     0   868 1572 11499 11  6 80  4  0 2021-12-09 10:40:28
 2  0      0 5009240 123556 1322996    0    0     0     0  812 5699  4  2 94  0  0 2021-12-09 10:40:29
 1  0      0 5008736 123556 1322996    0    0     0     4  723 7788  7  9 84  0  0 2021-12-09 10:40:30
 2  0      0 5007972 123580 1323148    0    0     0   772 1280 10107 12  4 78  5  0 2021-12-09 10:40:31
 1  0      0 5007728 123580 1323148    0    0     0     0  691 5484  3  3 94  0  0 2021-12-09 10:40:32
 3  0      0 5008232 123612 1323500    0    0     0  1824 2243 15328 15  4 68 12  0 2021-12-09 10:40:33
 0  0      0 5008232 123612 1323500    0    0     0     0  930 6431  5  3 92  0  0 2021-12-09 10:40:34
 0  0      0 5008736 123612 1323500    0    0     0     0 1232 7987  4  3 93  0  0 2021-12-09 10:40:35
 0  0      0 5010400 123640 1320504    0    0     0   856 1523 11410 16  7 73  5  0 2021-12-09 10:40:36
 8  0      0 5010500 123640 1320496    0    0     0     0  705 5079  3  2 95  0  0 2021-12-09 10:40:37
procs -----------memory---------- ---swap-- -----io---- -system-- ------cpu----- -----timestamp-----
 r  b   swpd   free   buff  cache   si   so    bi    bo   in   cs us sy id wa st                 UTC
 1  0      0 5010248 123648 1320620    0    0     0  1112 1446 10438 12  5 74  8  0 2021-12-09 10:40:38
 0  0      0 5009744 123648 1320624    0    0     0     0  758 5801  5  3 93  0  0 2021-12-09 10:40:39
 0  0      0 5009492 123648 1320624    0    0     0     0  868 6369  8  3 89  0  0 2021-12-09 10:40:40
 3  0      0 5007476 123656 1320772    0    0     0   820 1522 11732 14  4 78  5  0 2021-12-09 10:40:41
 0  0      0 5008876 123656 1320772    0    0     0     4 1011 6591  4  4 91  0  0 2021-12-09 10:40:42
 0  0      0 5009232 123676 1320892    0    0     0   800 1462 9630 13  3 79  6  0 2021-12-09 10:40:43
 1  0      0 5011500 123676 1320892    0    0     0     0  787 5774  4  4 93  0  0 2021-12-09 10:40:44
 0  0      0 5012256 123676 1320892    0    0     0     0  852 5864  4  1 95  0  0 2021-12-09 10:40:45
 0  0      0 5012256 123692 1321032    0    0     0   728 1444 12351 13  5 77  5  0 2021-12-09 10:40:46
 0  0      0 5012256 123692 1321036    0    0     0     0  708 5447  4  2 95  0  0 2021-12-09 10:40:47
 0  0      0 5011500 123700 1321164    0    0     0   744 1646 11647 12  6 78  4  0 2021-12-09 10:40:48
 0  0      0 5011248 123700 1321168    0    0     0     8  868 5559  3  2 95  0  0 2021-12-09 10:40:49
 0  1      0 5010996 123700 1321176    0    0     0    76  890 5850  7  2 92  0  0 2021-12-09 10:40:50
 1  0      0 5010492 123712 1321300    0    0     0   716 1968 13475 16  6 73  5  0 2021-12-09 10:40:51
 0  0      0 5010744 123712 1321300    0    0     0     0  708 5245  3  2 96  0  0 2021-12-09 10:40:52
 4  0      0 5010492 123716 1321444    0    0     0   780 1485 12407 15  6 76  3  0 2021-12-09 10:40:53
 0  0      0 5010492 123716 1321444    0    0     0    12  939 5885  4  3 93  0  0 2021-12-09 10:40:54
 0  1      0 5010492 123720 1321440    0    0     0   120 1232 8021  4  3 92  1  0 2021-12-09 10:40:55
 0  0      0 5010492 123724 1321568    0    0     0   672 1289 9331 13  6 77  4  0 2021-12-09 10:40:56
 0  0      0 5010492 123724 1321568    0    0     0     0  933 6370  3  3 95  0  0 2021-12-09 10:40:57
 0  0      0 5010240 123748 1321728    0    0     0   816 1757 13151 12  7 77  4  0 2021-12-09 10:40:58
procs -----------memory---------- ---swap-- -----io---- -system-- ------cpu----- -----timestamp-----
 r  b   swpd   free   buff  cache   si   so    bi    bo   in   cs us sy id wa st                 UTC
 1  0      0 5009988 123748 1321728    0    0     0    64  640 5375  4  1 94  0  0 2021-12-09 10:40:59
 0  1      0 5009988 123748 1321752    0    0     0   304  767 6799  8  2 86  4  0 2021-12-09 10:41:00
 2  0      0 5009988 123752 1321852    0    0     0   460 1539 10150 12  5 81  3  0 2021-12-09 10:41:01
 2  0      0 5010240 123752 1321852    0    0     0     0  972 7197  4  3 93  0  0 2021-12-09 10:41:02
 0  0      0 5010240 123776 1321980    0    0     0   704 1322 9825 11  6 80  4  0 2021-12-09 10:41:03
 0  0      0 5009988 123776 1321984    0    0     0    16  698 5497  6  2 92  0  0 2021-12-09 10:41:04
 3  0      0 5009484 123788 1322116    0    0     0   736 1205 8968 10  5 83  3  0 2021-12-09 10:41:05
 0  0      0 5009484 123796 1322120    0    0     0    60 1066 7047  6  4 90  1  0 2021-12-09 10:41:06
 1  0      0 5009232 123796 1322120    0    0     0     0  677 5406  5  2 94  0  0 2021-12-09 10:41:07
 1  0      0 5009484 123804 1322256    0    0     0   772 1885 13240 13  6 75  6  0 2021-12-09 10:41:08
 0  0      0 5009484 123804 1322256    0    0     0    20  796 5770  4  2 94  0  0 2021-12-09 10:41:09
 6  0      0 5008224 123828 1322388    0    0     0   768 1290 9738 12  5 79  5  0 2021-12-09 10:41:10
 7  0      0 5008224 123828 1322392    0    0     0     0  706 5568  6  1 93  0  0 2021-12-09 10:41:11
 0  0      0 5008476 123828 1322396    0    0     0     4  790 6093  7  2 92  0  0 2021-12-09 10:41:12
 0  0      0 5008476 123844 1322520    0    0     0   744 1519 10914 11  4 81  5  0 2021-12-09 10:41:13
 0  0      0 5008476 123844 1322524    0    0     0   272  732 5335  4  3 94  0  0 2021-12-09 10:41:14
 0  0      0 5009232 123856 1322668    0    0     0   788 1443 11045 11  3 80  6  0 2021-12-09 10:41:15
 0  0      0 5009988 123856 1322668    0    0     0     0  760 5799  4  4 91  0  0 2021-12-09 10:41:16
 0  0      0 5009988 123856 1322668    0    0     0     0  729 5467  2  2 96  0  0 2021-12-09 10:41:17
 0  0      0 5009484 123860 1322792    0    0     0   708 1635 11213 13  4 79  4  0 2021-12-09 10:41:18
 0  0      0 5008980 123860 1322792    0    0     0     4  710 5358  3  2 94  0  0 2021-12-09 10:41:19
procs -----------memory---------- ---swap-- -----io---- -system-- ------cpu----- -----timestamp-----
 r  b   swpd   free   buff  cache   si   so    bi    bo   in   cs us sy id wa st                 UTC
 2  0      0 5008980 123892 1322924    0    0     0   780 1537 11813 15  7 74  4  0 2021-12-09 10:41:20
 0  0      0 5008980 123892 1322924    0    0     0     0  691 5750  8  2 90  0  0 2021-12-09 10:41:21
 2  0      0 5008728 123892 1322932    0    0     0     0  757 5274  3  2 95  0  0 2021-12-09 10:41:22
 0  0      0 5008728 123908 1323084    0    0     0   832 1421 12102 15  6 75  5  0 2021-12-09 10:41:23
 0  0      0 5008224 123908 1323084    0    0     0     0  720 5227  4  3 93  0  0 2021-12-09 10:41:24
 0  0      0 5005956 123920 1323208    0    0     0   856 1456 10758 14  5 76  5  0 2021-12-09 10:41:25
 0  0      0 5007216 123920 1323208    0    0     0     0  839 6266  6  3 92  0  0 2021-12-09 10:41:26
 0  0      0 5007468 123920 1323208    0    0     0     0  636 5010  3  1 96  0  0 2021-12-09 10:41:27
 0  0      0 5006964 123920 1323352    0    0     0   804 1724 12314 13  8 74  4  0 2021-12-09 10:41:28
 0  0      0 5008476 123920 1323352    0    0     0     0  697 5940  3  3 94  0  0 2021-12-09 10:41:29
 0  0      0 5008224 123948 1323504    0    0     0   812 1668 14231 17 12 68  4  0 2021-12-09 10:41:30
 0  0      0 5008224 123948 1323504    0    0     0     4  982 6877  8  2 90  0  0 2021-12-09 10:41:31
 0  0      0 5008224 123948 1323504    0    0     0     0  796 6453  6  5 89  0  0 2021-12-09 10:41:32
 0  0      0 5007972 123968 1323660    0    0     0   860 1453 11809 21 10 64  4  0 2021-12-09 10:41:33
 0  0      0 5008224 123968 1323660    0    0     0     0 1044 7004  3  2 95  0  0 2021-12-09 10:41:34
 0  0      0 5008224 123972 1323780    0    0     0   844 1502 10525 11  5 79  5  0 2021-12-09 10:41:35
 0  0      0 5008476 123972 1323780    0    0     0     0  751 5588  6  2 92  0  0 2021-12-09 10:41:36
 2  0      0 5008476 123972 1323784    0    0     0     4  724 6225  3  2 95  0  0 2021-12-09 10:41:37
 2  0      0 5008224 123992 1323924    0    0     0   808 1488 10730 19  6 72  4  0 2021-12-09 10:41:38
 0  0      0 5007972 123992 1323928    0    0     0     0  672 5261  4  2 95  0  0 2021-12-09 10:41:39
 0  0      0 5006208 123996 1324060    0    0     0   796 1205 10308 15  5 77  4  0 2021-12-09 10:41:40
procs -----------memory---------- ---swap-- -----io---- -system-- ------cpu----- -----timestamp-----
 r  b   swpd   free   buff  cache   si   so    bi    bo   in   cs us sy id wa st                 UTC
 1  0      0 5006692 123996 1324060    0    0     0     0  849 6377  6  3 92  0  0 2021-12-09 10:41:41
 1  0      0 5007216 123996 1324060    0    0     0     0  858 6251  4  1 95  0  0 2021-12-09 10:41:42
 0  0      0 5006712 123996 1324192    0    0     0   784 1528 10097 14  5 77  5  0 2021-12-09 10:41:43
 0  0      0 5006712 123996 1324192    0    0     0     0  600 5448  5  2 93  0  0 2021-12-09 10:41:44
 8  0      0 5006964 124008 1324356    0    0     0   736 1169 10156 14  4 79  4  0 2021-12-09 10:41:45
 0  0      0 5006712 124008 1324356    0    0     0     0  910 7274  6  2 93  0  0 2021-12-09 10:41:46
 1  0      0 5006460 124008 1324360    0    0     0     0  876 6066  4  3 94  0  0 2021-12-09 10:41:47
 0  0      0 5004436 124016 1324480    0    0     0   768 1495 10537 11  6 79  5  0 2021-12-09 10:41:48
 0  0      0 5005460 124016 1324480    0    0     0     4  715 5984  3  4 94  0  0 2021-12-09 10:41:49
 5  0      0 5004948 124032 1324624    0    0     0  1164 1334 9018 14  3 69 14  0 2021-12-09 10:41:50
 6  0      0 5004444 124032 1324632    0    0     0     0  652 5639  5  4 91  0  0 2021-12-09 10:41:51
 1  0      0 5004192 124032 1324632    0    0     0     0  676 5596  4  2 94  0  0 2021-12-09 10:41:52
 0  0      0 5003940 124040 1324768    0    0     0   832 1622 12348 11  5 80  4  0 2021-12-09 10:41:53
 1  0      0 5004192 124040 1324768    0    0     0     0  789 6142  3  3 94  0  0 2021-12-09 10:41:54
 0  0      0 5004444 124052 1324900    0    0     0   752 1453 10716 13  5 78  4  0 2021-12-09 10:41:55
 0  0      0 5004444 124052 1324900    0    0     0     0  928 7050  8  4 88  0  0 2021-12-09 10:41:56
 0  0      0 5004696 124052 1324892    0    0     0     0  858 5477  3  2 96  0  0 2021-12-09 10:41:57
 0  0      0 5002932 124064 1325044    0    0     0   768 1461 11107 11  6 67 16  0 2021-12-09 10:41:58
 0  0      0 5004948 124064 1325044    0    0     0     0  741 5390  4  2 94  0  0 2021-12-09 10:41:59
 1  1      0 5005704 124072 1325076    0    0     0   268 1137 8297 10  2 83  5  0 2021-12-09 10:42:00
 0  0      0 5005704 124080 1325396    0    0     0  1608 2065 13807 16  5 71  9  0 2021-12-09 10:42:01
procs -----------memory---------- ---swap-- -----io---- -system-- ------cpu----- -----timestamp-----
 r  b   swpd   free   buff  cache   si   so    bi    bo   in   cs us sy id wa st                 UTC
 1  0      0 5005452 124080 1325400    0    0     0     0  648 5270  4  3 93  0  0 2021-12-09 10:42:02
 0  0      0 5006964 124092 1322392    0    0     0   840 1748 11699 11  5 79  5  0 2021-12-09 10:42:03
 0  0      0 5007468 124092 1322392    0    0     0     0  783 5888  4  2 93  0  0 2021-12-09 10:42:04
10  0      0 5007720 124096 1322432    0    0     0   612 1224 9178  9  3 84  5  0 2021-12-09 10:42:05
 0  0      0 5007720 124100 1322532    0    0     0   360 1007 7685  8  3 87  2  0 2021-12-09 10:42:06
 0  0      0 5008476 124100 1322532    0    0     0     4 1071 7151  2  3 95  0  0 2021-12-09 10:42:07
 0  0      0 5008224 124112 1322672    0    0     0   740 1180 10225 14  5 76  5  0 2021-12-09 10:42:08
 0  0      0 5007720 124112 1322676    0    0     0     0  661 5486  2  2 96  0  0 2021-12-09 10:42:09
 0  1      0 5007468 124124 1322708    0    0     0   588 1246 9374 12  4 81  4  0 2021-12-09 10:42:10
 0  0      0 5006964 124124 1322812    0    0     0   152 1078 8474 10  3 87  1  0 2021-12-09 10:42:11
 0  0      0 5007216 124124 1322812    0    0     0     0  712 5393  4  2 95  0  0 2021-12-09 10:42:12
 0  0      0 5006964 124136 1322940    0    0     0   800 1387 10159 12  5 75  7  0 2021-12-09 10:42:13
 0  0      0 5006712 124136 1322940    0    0     0     0  892 6483  4  3 93  0  0 2021-12-09 10:42:14
 0  1      0 5006964 124144 1323044    0    0     0   656 1484 10756 11  5 80  4  0 2021-12-09 10:42:15
 1  0      0 5006964 124144 1323084    0    0     0   156 1082 7211 10  4 85  2  0 2021-12-09 10:42:16
 0  0      0 5006964 124144 1323088    0    0     0     0  772 5627  3  2 95  0  0 2021-12-09 10:42:17
 0  0      0 5005452 124148 1323212    0    0     0   708 1352 12418 19  6 71  5  0 2021-12-09 10:42:18
 0  0      0 5005452 124148 1323212    0    0     0     4  883 6544  4  2 94  0  0 2021-12-09 10:42:19
 5  0      0 5005704 124156 1323264    0    0     0   436 1166 9761 10  6 81  4  0 2021-12-09 10:42:20
 1  0      0 5004696 124168 1323360    0    0     0   684  940 8289 14  5 79  2  0 2021-12-09 10:42:21
 1  0      0 5003940 124168 1323360    0    0     0     0  600 5275  6  2 92  0  0 2021-12-09 10:42:22
procs -----------memory---------- ---swap-- -----io---- -system-- ------cpu----- -----timestamp-----
 r  b   swpd   free   buff  cache   si   so    bi    bo   in   cs us sy id wa st                 UTC
 2  0      0 5001924 124192 1323484    0    0     0   732 1586 11108 13  6 73  7  0 2021-12-09 10:42:23
 0  0      0 5001672 124192 1323484    0    0     0     0  730 5848  5  3 93  0  0 2021-12-09 10:42:24
 5  1      0 5000916 124204 1323516    0    0     0   316 1036 7483  5  4 89  3  0 2021-12-09 10:42:25
 0  0      0 4999152 124208 1323624    0    0     0   476 1423 10602 13  4 81  2  0 2021-12-09 10:42:26
 0  0      0 4999152 124208 1323624    0    0     0     0 1031 6584  3  2 95  0  0 2021-12-09 10:42:27
 0  0      0 4998396 124224 1323756    0    0     0   780 1742 11685 11  6 79  5  0 2021-12-09 10:42:28
 8  0      0 4998396 124224 1323756    0    0     0     0  666 5857  3  2 95  0  0 2021-12-09 10:42:29
 3  1      0 4998396 124232 1323816    0    0     0   496 1440 10169  8 10 78  4  0 2021-12-09 10:42:30
 0  0      0 4998396 124240 1323892    0    0     0   312  879 8371 10  4 84  2  0 2021-12-09 10:42:31
 0  0      0 4998396 124240 1323892    0    0     0     0  713 6034  6  2 92  0  0 2021-12-09 10:42:32
 0  0      0 4997640 124256 1324048    0    0     0   848 1547 10799 10  6 78  6  0 2021-12-09 10:42:33
 0  0      0 4997388 124256 1324052    0    0     0     0  943 6795  4  2 94  0  0 2021-12-09 10:42:34
 6  1      0 4997640 124260 1324068    0    0     0   476 1206 9494 11  4 82  4  0 2021-12-09 10:42:35
 1  0      0 4997136 124260 1324200    0    0     0   372 1068 8632  7  3 89  1  0 2021-12-09 10:42:36
 1  0      0 4997892 124260 1324200    0    0     0   100  714 5553  5  3 92  0  0 2021-12-09 10:42:37
 0  0      0 4996380 124272 1324360    0    0     0   856 1664 11388 14  3 78  5  0 2021-12-09 10:42:38
 1  0      0 4997136 124272 1324360    0    0     0     0  873 6196  2  2 96  0  0 2021-12-09 10:42:39
 0  0      0 4997380 124284 1324496    0    0     0   764 1537 11999 13  6 76  5  0 2021-12-09 10:42:40
 0  0      0 4997632 124284 1324508    0    0     0    16  814 6512  5  3 92  0  0 2021-12-09 10:42:41
 0  0      0 4997380 124284 1324512    0    0     0     0  683 5422  5  2 93  0  0 2021-12-09 10:42:42
 0  0      0 4996120 124296 1324656    0    0     0   792 1488 12149 12  7 77  5  0 2021-12-09 10:42:43
procs -----------memory---------- ---swap-- -----io---- -system-- ------cpu----- -----timestamp-----
 r  b   swpd   free   buff  cache   si   so    bi    bo   in   cs us sy id wa st                 UTC
 1  0      0 4996120 124296 1324660    0    0     0     0  715 5473  4  3 93  0  0 2021-12-09 10:42:44
 0  0      0 4996624 124300 1324804    0    0     0   768 1527 11318 10  4 81  4  0 2021-12-09 10:42:45
 0  0      0 4997128 124300 1324808    0    0     0     0  785 6127  4  2 94  0  0 2021-12-09 10:42:46
 0  0      0 4997380 124300 1324808    0    0     0     0  500 4826  2  3 96  0  0 2021-12-09 10:42:47
 0  0      0 4996372 124312 1324944    0    0     0   800 1411 10215 13  6 75  5  0 2021-12-09 10:42:48
 0  0      0 4996372 124312 1324944    0    0     0     4 1030 7171  4  3 93  0  0 2021-12-09 10:42:49
 0  0      0 4996120 124316 1325096    0    0     0   800 1391 10624 14  7 76  5  0 2021-12-09 10:42:50
 0  0      0 4996876 124316 1325104    0    0     0     0  968 6815  4  3 93  0  0 2021-12-09 10:42:51
 0  0      0 4997120 124316 1325108    0    0     0     0  848 6948  6  3 92  0  0 2021-12-09 10:42:52
 0  0      0 4997120 124320 1325240    0    0     0   828 1473 10755 10  4 82  4  0 2021-12-09 10:42:53
 0  0      0 4997120 124320 1325240    0    0     0     0  854 6118  4  3 93  0  0 2021-12-09 10:42:54
 1  0      0 4996616 124324 1325392    0    0     0   824 1338 10363 10  4 81  5  0 2021-12-09 10:42:55
 1  0      0 4996616 124324 1325392    0    0     0     0 1024 6918  6  2 92  0  0 2021-12-09 10:42:56
 1  1      0 4995860 124324 1325408    0    0     0   416  683 5661  3  2 94  1  0 2021-12-09 10:42:57
 0  0      0 4993844 124336 1325544    0    0     0   672 1699 13250 17  5 73  5  0 2021-12-09 10:42:58
 0  0      0 4993844 124336 1325544    0    0     0     0  655 5592  4  3 92  0  0 2021-12-09 10:42:59
 0  0      0 4993088 124336 1325692    0    0     0   756 1084 10578 16  7 65 12  0 2021-12-09 10:43:00
 0  0      0 4993844 124336 1325696    0    0     0     4  736 5904  8  4 89  0  0 2021-12-09 10:43:01
 0  0      0 4994600 124336 1325696    0    0     0     8  860 6272  8  3 89  0  0 2021-12-09 10:43:02
 1  0      0 4994312 124364 1325852    0    0     0   808 1584 11127 11  4 79  6  0 2021-12-09 10:43:03
 0  0      0 4994600 124364 1325852    0    0     0     0  923 6309  4  2 94  0  0 2021-12-09 10:43:04
procs -----------memory---------- ---swap-- -----io---- -system-- ------cpu----- -----timestamp-----
 r  b   swpd   free   buff  cache   si   so    bi    bo   in   cs us sy id wa st                 UTC
 1  0      0 4995104 124376 1325984    0    0     0   792 1356 11609 11  6 79  5  0 2021-12-09 10:43:05
 0  0      0 4995624 124376 1325988    0    0     0     0  973 7474  8  3 89  0  0 2021-12-09 10:43:06
 3  0      0 4995608 124376 1325992    0    0     0   204  527 4467  3  2 96  0  0 2021-12-09 10:43:07
 0  0      0 4995356 124384 1326148    0    0     0   848 1448 11275 12  7 75  5  0 2021-12-09 10:43:08
 0  0      0 4995356 124384 1326152    0    0     0     0  709 5602  2  2 96  0  0 2021-12-09 10:43:09
 0  0      0 4993592 124388 1326288    0    0     0   788 1159 9210 15  6 75  5  0 2021-12-09 10:43:10
 0  0      0 4995104 124388 1326296    0    0     0     0  721 5900  3  3 94  0  0 2021-12-09 10:43:11
 0  0      0 4995860 124388 1326296    0    0     0    84  823 6471  7  3 91  0  0 2021-12-09 10:43:12
 0  0      0 4995356 124396 1326464    0    0     0   872 1365 10644 11  6 80  3  0 2021-12-09 10:43:13
 0  0      0 4995356 124396 1326468    0    0     0     0  928 6323  5  3 92  0  0 2021-12-09 10:43:14
 1  0      0 4995860 124404 1326616    0    0     0   804 1558 10334 11  4 81  5  0 2021-12-09 10:43:15
 0  0      0 4995608 124404 1326616    0    0     0     0  639 5444  4  2 94  0  0 2021-12-09 10:43:16
 0  0      0 4995104 124404 1326620    0    0     0     0  758 6170  4  2 94  0  0 2021-12-09 10:43:17
 0  0      0 4994600 124416 1326780    0    0     0   760 1478 13185 13  6 78  4  0 2021-12-09 10:43:18
 0  0      0 4994600 124416 1326780    0    0     0     4  813 5688  2  2 96  0  0 2021-12-09 10:43:19
 0  0      0 4994096 124440 1327148    0    0     0  1776 1720 13067 17  8 65 11  0 2021-12-09 10:43:20
 0  0      0 4996112 124440 1324004    0    0     0     0  801 5595  4  2 94  0  0 2021-12-09 10:43:21
 0  1      0 4995860 124440 1324008    0    0     0   156  831 6448  6  4 90  1  0 2021-12-09 10:43:22
 0  0      0 4996364 124460 1324148    0    0     0   704 1437 10474 11  3 79  8  0 2021-12-09 10:43:23
 0  0      0 4996616 124460 1324148    0    0     0     0  809 6228  5  3 92  0  0 2021-12-09 10:43:24
 6  0      0 4997120 124480 1324300    0    0     0   784 1656 13038 11  8 76  5  0 2021-12-09 10:43:25
procs -----------memory---------- ---swap-- -----io---- -system-- ------cpu----- -----timestamp-----
 r  b   swpd   free   buff  cache   si   so    bi    bo   in   cs us sy id wa st                 UTC
 1  0      0 4997120 124480 1324300    0    0     0     0  907 5904  4  3 93  0  0 2021-12-09 10:43:26
 1  0      0 4997120 124480 1324300    0    0     0    12  896 5581  2  2 96  0  0 2021-12-09 10:43:27
 1  0      0 4996860 124500 1324440    0    0     0   812 1583 11981 14  6 76  5  0 2021-12-09 10:43:28
 0  0      0 4996860 124500 1324440    0    0     0     0  890 5758  3  3 94  0  0 2021-12-09 10:43:29
 0  0      0 4995348 124512 1324588    0    0     0   788 1804 14315 16 10 70  5  0 2021-12-09 10:43:30
 0  0      0 4995348 124512 1324592    0    0     0     4  632 5604  4  3 93  0  0 2021-12-09 10:43:31
 0  1      0 4995852 124524 1324620    0    0     0   488 1097 8389  7  4 86  4  0 2021-12-09 10:43:32
 0  0      0 4994592 124544 1324740    0    0     0   712 1307 10021 13  5 78  5  0 2021-12-09 10:43:33
 0  0      0 4995096 124544 1324740    0    0     0     0  700 5915  5  2 93  0  0 2021-12-09 10:43:34
 1  0      0 4995096 124564 1324884    0    0     0   776 1097 9368 11  5 77  7  0 2021-12-09 10:43:35
 0  0      0 4995348 124564 1324888    0    0     0     0  642 5320  4  3 93  0  0 2021-12-09 10:43:36
 0  0      0 4995348 124564 1324888    0    0     0     4  776 6298  4  2 94  0  0 2021-12-09 10:43:37
 0  0      0 4995348 124580 1325028    0    0     0   768 1546 11410 12  6 77  4  0 2021-12-09 10:43:38
 0  0      0 4995348 124580 1325032    0    0     0     0  657 5219  3  3 94  0  0 2021-12-09 10:43:39
 0  0      0 4995348 124592 1325168    0    0     0   776 1532 11559 17  5 75  5  0 2021-12-09 10:43:40
 0  0      0 4995600 124592 1325168    0    0     0     0  815 5868  4  3 93  0  0 2021-12-09 10:43:41
 0  1      0 4995600 124596 1325196    0    0     0   252  767 6330  6  2 90  3  0 2021-12-09 10:43:42
 0  0      0 4994844 124608 1325328    0    0     0   588 1507 10184 11  5 82  3  0 2021-12-09 10:43:43
 0  0      0 4994844 124608 1325328    0    0     0     0  726 5792  4  4 93  0  0 2021-12-09 10:43:44
 3  0      0 4994584 124620 1325476    0    0     0   832 1569 11474 15  6 75  5  0 2021-12-09 10:43:45
 0  0      0 4994844 124620 1325476    0    0     0     0  756 5958  6  4 91  0  0 2021-12-09 10:43:46
procs -----------memory---------- ---swap-- -----io---- -system-- ------cpu----- -----timestamp-----
 r  b   swpd   free   buff  cache   si   so    bi    bo   in   cs us sy id wa st                 UTC
 4  1      0 4994844 124632 1325472    0    0     0   348  906 7599  5  4 88  3  0 2021-12-09 10:43:47
 2  0      0 4994332 124632 1325632    0    0     0   452 1278 8886 11  4 85  1  0 2021-12-09 10:43:48
 0  0      0 4994340 124632 1325632    0    0     0     4  561 5063  5  2 93  0  0 2021-12-09 10:43:49
 0  0      0 4993836 124648 1325776    0    0     0   800 1401 10563 15  5 77  3  0 2021-12-09 10:43:50
 0  0      0 4993332 124648 1325776    0    0     0     0  896 6368  4  4 92  0  0 2021-12-09 10:43:51
 6  0      0 4992576 124648 1325928    0    0     0   760 1272 10479 12  4 80  4  0 2021-12-09 10:43:52
 0  0      0 4992304 124648 1325928    0    0     0     0  922 7163  6  3 91  0  0 2021-12-09 10:43:53
 0  0      0 4992828 124648 1325928    0    0     0     0  894 6151  4  4 93  0  0 2021-12-09 10:43:54
 0  0      0 4993080 124656 1326076    0    0     0   796 1668 11208 12  4 80  4  0 2021-12-09 10:43:55
 0  0      0 4992828 124656 1326084    0    0     0     0  530 5156  4  2 93  0  0 2021-12-09 10:43:56
 0  0      0 4992324 124668 1326220    0    0     0   828 1256 10297 10  3 82  5  0 2021-12-09 10:43:57
 0  0      0 4992072 124668 1326228    0    0     0     0  825 6313  6  3 92  0  0 2021-12-09 10:43:58
 1  0      0 4992324 124668 1326228    0    0     0     0  804 6150  3  3 94  0  0 2021-12-09 10:43:59
 0  0      0 4994804 124680 1326380    0    0     0   804 1370 12112 17  5 75  3  0 2021-12-09 10:44:00
 0  0      0 4994844 124680 1326380    0    0     0     4  845 5882  4  3 94  0  0 2021-12-09 10:44:01
 0  0      0 4994340 124704 1326516    0    0     0   840 1344 10479 12  4 78  6  0 2021-12-09 10:44:02
 0  0      0 4994088 124704 1326516    0    0     0   268  963 6044  4  3 94  0  0 2021-12-09 10:44:03
 0  0      0 4994088 124704 1326520    0    0     0     0 1079 7577  6  3 91  0  0 2021-12-09 10:44:04
 0  0      0 4992828 124712 1326680    0    0     0   876 1770 11544 13  4 79  5  0 2021-12-09 10:44:05
 0  0      0 4993584 124712 1326684    0    0     0     0  864 7055  6  4 90  0  0 2021-12-09 10:44:06
 0  0      0 4993836 124716 1326816    0    0     0   800 1692 12629 11  5 81  4  0 2021-12-09 10:44:07
procs -----------memory---------- ---swap-- -----io---- -system-- ------cpu----- -----timestamp-----
 r  b   swpd   free   buff  cache   si   so    bi    bo   in   cs us sy id wa st                 UTC
 1  0      0 4994340 124716 1326816    0    0     0    28  711 5375  5  2 93  0  0 2021-12-09 10:44:08
12  0      0 4994088 124720 1326812    0    0     0   132  804 6683  2  3 94  1  0 2021-12-09 10:44:09
 0  0      0 4993584 124724 1326968    0    0     0   744 1455 11437 15  7 76  3  0 2021-12-09 10:44:10
 1  0      0 4993584 124724 1326968    0    0     0     0  798 6074  4  3 94  0  0 2021-12-09 10:44:11
 0  0      0 4992324 124752 1327120    0    0     0   828 1488 10381 12  7 77  4  0 2021-12-09 10:44:12
 0  0      0 4993332 124752 1327120    0    0     0    92  727 6053  4  3 94  0  0 2021-12-09 10:44:13
 0  1      0 4993584 124756 1327188    0    0     0   780 1438 10058  9  5 81  5  0 2021-12-09 10:44:14
 0  0      0 4994592 124756 1327260    0    0     0     0  746 6308  5  3 92  0  0 2021-12-09 10:44:15
 0  0      0 4994592 124756 1327260    0    0     0     0  436 4902  4  3 94  0  0 2021-12-09 10:44:16
 0  0      0 4993584 124780 1327420    0    0     0   812 1255 10367 12  5 80  4  0 2021-12-09 10:44:17
 0  0      0 4993332 124780 1327420    0    0     0     0  689 5422  5  2 93  0  0 2021-12-09 10:44:18
 0  0      0 4990560 124816 1327536    0    0     0   824 1276 10456 12  5 80  4  0 2021-12-09 10:44:19
 0  0      0 4991568 124816 1327588    0    0     0     0  790 7004  9  5 87  0  0 2021-12-09 10:44:20
 0  0      0 4992324 124816 1327588    0    0     0     0  667 5860  6  3 92  0  0 2021-12-09 10:44:21
 0  0      0 4992072 124828 1327736    0    0     0   736 1443 11237 15  5 75  6  0 2021-12-09 10:44:22
 1  0      0 4992072 124828 1327740    0    0     0     0  753 5726  3  1 96  0  0 2021-12-09 10:44:23
 1  0      0 4990560 124844 1327880    0    0     0   792 1259 9884 10  5 81  4  0 2021-12-09 10:44:24
 1  0      0 4990560 124844 1327880    0    0     0     4  703 6027  4  4 92  0  0 2021-12-09 10:44:25
 0  0      0 4991064 124844 1327880    0    0     0     0  805 5732  5  3 93  0  0 2021-12-09 10:44:26
 4  0      0 4991276 124860 1328040    0    0     0   832 1238 10943 11  6 79  5  0 2021-12-09 10:44:27
 0  0      0 4990812 124860 1328044    0    0     0     0  657 5255  3  4 93  0  0 2021-12-09 10:44:28
procs -----------memory---------- ---swap-- -----io---- -system-- ------cpu----- -----timestamp-----
 r  b   swpd   free   buff  cache   si   so    bi    bo   in   cs us sy id wa st                 UTC
 1  0      0 4991568 124872 1328188    0    0     0   772 1688 12118 11  7 78  4  0 2021-12-09 10:44:29
 0  0      0 4991568 124872 1328188    0    0     0     0 1303 10134  7 10 83  0  0 2021-12-09 10:44:30
 0  0      0 4991568 124872 1328192    0    0     0     4  547 5358  4  1 95  0  0 2021-12-09 10:44:31
 0  0      0 4991044 124876 1328336    0    0     0   840 1450 11192 17  5 73  4  0 2021-12-09 10:44:32
 0  0      0 4991064 124876 1328336    0    0     0     0  680 5274  4  3 94  0  0 2021-12-09 10:44:33
 0  0      0 4989544 124896 1328756    0    0     0  1792 1871 14058 17  6 65 13  0 2021-12-09 10:44:34
 0  0      0 4990300 124896 1328728    0    0     0     0  849 6491  4  3 93  0  0 2021-12-09 10:44:35
 0  0      0 4990552 124896 1328728    0    0     0     0  534 4922  4  2 94  0  0 2021-12-09 10:44:36
 1  0      0 4991056 124908 1328868    0    0     0   892 1431 12268 14  6 74  7  0 2021-12-09 10:44:37
 0  0      0 4991308 124908 1328868    0    0     0     0  826 6104  5  2 94  0  0 2021-12-09 10:44:38
 0  0      0 4989040 124920 1329028    0    0     0  1272 1456 10519 16  8 68  9  0 2021-12-09 10:44:39
 1  0      0 4992064 124920 1325936    0    0     0     0  669 5850  8  3 89  0  0 2021-12-09 10:44:40
 0  0      0 4993748 124920 1325936    0    0     0     0  823 6742  4  3 93  0  0 2021-12-09 10:44:41
 0  0      0 4994072 124932 1326076    0    0     0   832 1130 11627 14  6 75  6  0 2021-12-09 10:44:42
 0  0      0 4994072 124932 1326076    0    0     0     4  829 6242  5  1 94  0  0 2021-12-09 10:44:43
 0  0      0 4994072 124940 1326220    0    0     0   828 1504 11267 12  6 78  5  0 2021-12-09 10:44:44
 0  0      0 4994324 124940 1326232    0    0     0     0 1002 7240  5  2 93  0  0 2021-12-09 10:44:45
 0  0      0 4994324 124940 1326232    0    0     0     0  566 4990  5  2 94  0  0 2021-12-09 10:44:46
 0  0      0 4992308 124940 1326376    0    0     0   720 1192 10170 11  4 81  4  0 2021-12-09 10:44:47
 0  0      0 4992308 124940 1326376    0    0     0     0  602 5565  5  2 93  0  0 2021-12-09 10:44:48
 0  0      0 4991552 124948 1326512    0    0     0   900 1282 10727 10  6 79  5  0 2021-12-09 10:44:49
procs -----------memory---------- ---swap-- -----io---- -system-- ------cpu----- -----timestamp-----
 r  b   swpd   free   buff  cache   si   so    bi    bo   in   cs us sy id wa st                 UTC
 2  0      0 4992560 124948 1326520    0    0     0     0  840 6927  9  4 87  0  0 2021-12-09 10:44:50
 0  0      0 4993064 124948 1326520    0    0     0     0  937 6813  5  3 92  0  0 2021-12-09 10:44:51
 0  0      0 4990512 124952 1326676    0    0     0   804 1326 10467 14  4 76  6  0 2021-12-09 10:44:52
 0  0      0 4991016 124952 1326680    0    0     0     0 1046 6711  5  3 93  0  0 2021-12-09 10:44:53
 0  0      0 4990008 124960 1326820    0    0     0   764 1551 10435 12  5 80  3  0 2021-12-09 10:44:54
 0  0      0 4990008 124960 1326824    0    0     0     4  861 6385  5  2 93  0  0 2021-12-09 10:44:55
 0  0      0 4990008 124960 1326824    0    0     0     0  691 5810  4  1 95  0  0 2021-12-09 10:44:56
 0  0      0 4988748 124968 1326984    0    0     0   792 1222 10108 12  4 78  6  0 2021-12-09 10:44:57
 0  0      0 4989252 124968 1326984    0    0     0     0 1027 7079  5  3 93  0  0 2021-12-09 10:44:58
 0  0      0 4989504 124980 1327120    0    0     0   716 1713 11120 10  5 81  5  0 2021-12-09 10:44:59
 0  0      0 4991016 124980 1327120    0    0     0     0 1240 8203  8  2 90  0  0 2021-12-09 10:45:00
 0  0      0 4990764 124980 1327128    0    0     0     4  896 5868  4  3 93  0  0 2021-12-09 10:45:01
 0  0      0 4990016 125004 1327276    0    0     0   848 1461 10461 14  7 75  5  0 2021-12-09 10:45:02
 0  0      0 4989756 125004 1327280    0    0     0     0  624 5357  2  3 95  0  0 2021-12-09 10:45:03
 0  0      0 4988000 125012 1327424    0    0     0   800 1548 10542 12  6 80  4  0 2021-12-09 10:45:04
 0  0      0 4987992 125012 1327424    0    0     0     8  925 6812  4  3 93  0  0 2021-12-09 10:45:05
 3  1      0 4989252 125012 1327424    0    0     0   180  941 7050  5  2 92  1  0 2021-12-09 10:45:06
 2  0      0 4989756 125016 1327560    0    0     0   556 1326 10148 13  5 78  4  0 2021-12-09 10:45:07
 0  0      0 4990008 125016 1327560    0    0     0     0  535 4517  4  1 94  0  0 2021-12-09 10:45:08
 0  0      0 4989756 125020 1327720    0    0     0   836 1579 10828 11  4 80  5  0 2021-12-09 10:45:09
 0  0      0 4990008 125020 1327720    0    0     0   340  889 6692  5  3 91  1  0 2021-12-09 10:45:10
procs -----------memory---------- ---swap-- -----io---- -system-- ------cpu----- -----timestamp-----
 r  b   swpd   free   buff  cache   si   so    bi    bo   in   cs us sy id wa st                 UTC
 6  1      0 4990512 125020 1327724    0    0     0    92  499 5277  5  2 90  4  0 2021-12-09 10:45:11
 0  0      0 4989464 125028 1327864    0    0     0   788 1240 10990 17  6 71  7  0 2021-12-09 10:45:12
 0  0      0 4989504 125028 1327864    0    0     0     4  656 5544  3  3 94  0  0 2021-12-09 10:45:13
 1  0      0 4989504 125036 1328008    0    0     0   828 1418 11288 12  5 79  4  0 2021-12-09 10:45:14
 0  0      0 4989252 125036 1328008    0    0     0    20  926 7093  4  3 91  3  0 2021-12-09 10:45:15
 0  0      0 4989252 125036 1328008    0    0     0     0  711 5879  5  3 93  0  0 2021-12-09 10:45:16
 0  0      0 4988496 125048 1328152    0    0     0   732 1229 10476 11  4 82  4  0 2021-12-09 10:45:17
 0  0      0 4987992 125048 1328156    0    0     0     0  789 6177  6  2 92  0  0 2021-12-09 10:45:18
 0  0      0 4985976 125072 1328304    0    0     0   824 1522 9490 12  3 72 14  0 2021-12-09 10:45:19
 0  0      0 4985724 125072 1328308    0    0     0    64  823 6011  8  2 90  0  0 2021-12-09 10:45:20
 0  0      0 4985724 125072 1328308    0    0     0     0 1047 7760  4  3 93  0  0 2021-12-09 10:45:21
 1  0      0 4984656 125076 1328580    0    0     0   796 1548 12109 17  7 72  5  0 2021-12-09 10:45:22
 0  0      0 4986188 125076 1328580    0    0     0     0  930 6389  5  1 94  0  0 2021-12-09 10:45:23
 0  0      0 4984464 125084 1328720    0    0     0   720 1415 11009 12  5 78  5  0 2021-12-09 10:45:24
 0  0      0 4986104 125084 1328720    0    0     0   304 1131 7610  6  2 92  0  0 2021-12-09 10:45:25
 0  0      0 4986668 125084 1328724    0    0     0     0  879 6257  4  4 92  0  0 2021-12-09 10:45:26
 0  0      0 4986416 125092 1328884    0    0     0   864 1703 12059 13  7 74  5  0 2021-12-09 10:45:27
 0  0      0 4987676 125092 1328888    0    0     0     0  623 5522  4  3 93  0  0 2021-12-09 10:45:28
 0  0      0 4986668 125104 1329020    0    0     0   768 1289 10351 10  6 80  4  0 2021-12-09 10:45:29
 1  0      0 4986668 125104 1329020    0    0     0     0 1040 8641  8  8 84  0  0 2021-12-09 10:45:30
 0  0      0 4986920 125104 1329020    0    0     0     4  673 5877  6  4 91  0  0 2021-12-09 10:45:31
procs -----------memory---------- ---swap-- -----io---- -system-- ------cpu----- -----timestamp-----
 r  b   swpd   free   buff  cache   si   so    bi    bo   in   cs us sy id wa st                 UTC
 1  0      0 4988180 125116 1329180    0    0     0   792 1521 11436 13  5 78  5  0 2021-12-09 10:45:32
 0  0      0 4988160 125116 1329180    0    0     0     0  810 5446  4  2 94  0  0 2021-12-09 10:45:33
 4  0      0 4987928 125120 1329332    0    0     0   756 1660 11367 11  7 78  4  0 2021-12-09 10:45:34
 0  0      0 4988684 125120 1329332    0    0     0     8 1232 7627  5  2 93  0  0 2021-12-09 10:45:35
 0  1      0 4988684 125120 1329348    0    0     0    88 1011 6235  5  2 93  1  0 2021-12-09 10:45:36
 0  0      0 4988432 125128 1329488    0    0     0   732 1533 11116 12  5 80  4  0 2021-12-09 10:45:37
 0  0      0 4988684 125128 1329492    0    0     0     0  867 6426  8  2 91  0  0 2021-12-09 10:45:38
 0  0      0 4987928 125132 1329636    0    0     0   792 1432 10616 10  5 81  5  0 2021-12-09 10:45:39
 0  0      0 4986920 125132 1329636    0    0     0    20  939 6304  7  3 90  0  0 2021-12-09 10:45:40
 1  1      0 4987384 125140 1329640    0    0     0   368  789 7527  8  2 88  2  0 2021-12-09 10:45:41
 0  0      0 4987432 125140 1329788    0    0     0   416 1238 9455 10  6 83  2  0 2021-12-09 10:45:42
 0  0      0 4987668 125140 1329788    0    0     0     4  596 4995  4  1 95  0  0 2021-12-09 10:45:43
 5  0      0 4987684 125160 1329936    0    0     0   736 1452 10798 11  3 82  5  0 2021-12-09 10:45:44
 0  0      0 4987172 125160 1329940    0    0     0     0  881 6730  5  3 92  0  0 2021-12-09 10:45:45
 1  1      0 4986984 125160 1329948    0    0     0   600  887 6401  4  2 85  9  0 2021-12-09 10:45:46
 0  0      0 4985724 125168 1330088    0    0     0   508 1360 9359 10  4 84  3  0 2021-12-09 10:45:47
 0  0      0 4985724 125168 1330088    0    0     0     0  858 5702  4  2 94  0  0 2021-12-09 10:45:48
 0  0      0 4985724 125188 1330476    0    0     0  1872 2083 15380 15  7 65 13  0 2021-12-09 10:45:49
 0  0      0 4985716 125188 1330480    0    0     0     0  657 5685  5  3 92  0  0 2021-12-09 10:45:50
 0  1      0 4985464 125188 1330484    0    0     0   100  807 6157  4  2 93  1  0 2021-12-09 10:45:51
 0  0      0 5045536 125200 1330616    0    0     0   696 3306 25424 24 11 61  4  0 2021-12-09 10:45:52
procs -----------memory---------- ---swap-- -----io---- -system-- ------cpu----- -----timestamp-----
 r  b   swpd   free   buff  cache   si   so    bi    bo   in   cs us sy id wa st                 UTC
 1  0      0 5045536 125200 1330620    0    0     0     0  605 5275  3  3 94  0  0 2021-12-09 10:45:53
 0  0      0 5047804 125200 1327524    0    0     0     0  735 5754  3  3 94  0  0 2021-12-09 10:45:54
 0  0      0 5047804 125200 1327524    0    0     0     4  720 6176  4  4 93  0  0 2021-12-09 10:45:55
 0  0      0 5048560 125200 1327524    0    0     0    68  812 6715  3  2 95  0  0 2021-12-09 10:45:56
 0  0      0 5048560 125200 1327524    0    0     0     0  591 5108  4  2 95  0  0 2021-12-09 10:45:57
 0  0      0 5048812 125200 1327524    0    0     0     0  790 6450  3  2 95  0  0 2021-12-09 10:45:58
 0  0      0 5048812 125200 1327528    0    0     0     0  699 5823  5  2 94  0  0 2021-12-09 10:45:59
 0  0      0 5048812 125200 1327528    0    0     0     0  656 5995  5  2 93  0  0 2021-12-09 10:46:00
 0  0      0 5048812 125200 1327532    0    0     0     4  801 6548  9  4 88  0  0 2021-12-09 10:46:01
 0  0      0 5048812 125200 1327532    0    0     0     0  843 6045  5  3 92  0  0 2021-12-09 10:46:02
 2  0      0 5048812 125200 1327532    0    0     0     0  788 5900  5  2 94  0  0 2021-12-09 10:46:03
 0  0      0 5048812 125200 1327532    0    0     0     0  556 5433  9  3 88  0  0 2021-12-09 10:46:04
 0  0      0 5048560 125200 1327532    0    0     0     0  679 6028  6  2 92  0  0 2021-12-09 10:46:05
 0  0      0 5049064 125200 1327532    0    0     0     0 1053 7215  5  3 93  0  0 2021-12-09 10:46:06
 0  0      0 5049064 125200 1327536    0    0     0     4  589 5050  4  2 95  0  0 2021-12-09 10:46:07
 0  0      0 5049568 125200 1327536    0    0     0     0  606 5374  4  3 93  0  0 2021-12-09 10:46:08
 0  0      0 5049568 125200 1327540    0    0     0     0  731 5855  3  2 95  0  0 2021-12-09 10:46:09
 0  0      0 5049568 125200 1327540    0    0     0     0  635 5228  3  3 95  0  0 2021-12-09 10:46:10
 0  0      0 5049316 125200 1327540    0    0     0   188  670 5935  5  2 91  2  0 2021-12-09 10:46:11
 0  0      0 5049316 125200 1327540    0    0     0     0  699 5940  6  3 91  0  0 2021-12-09 10:46:12
 0  0      0 5049316 125200 1327540    0    0     0     4  761 6217  4  3 94  0  0 2021-12-09 10:46:13
procs -----------memory---------- ---swap-- -----io---- -system-- ------cpu----- -----timestamp-----
 r  b   swpd   free   buff  cache   si   so    bi    bo   in   cs us sy id wa st                 UTC
 1  0      0 5049316 125200 1327540    0    0     0     0  621 5301  4  2 94  0  0 2021-12-09 10:46:14
 0  0      0 5049316 125200 1327548    0    0     0     0  608 5502  4  2 94  0  0 2021-12-09 10:46:15
 0  0      0 5049568 125200 1327548    0    0     0    20  602 5404  5  3 93  0  0 2021-12-09 10:46:16
 0  0      0 5049568 125200 1327548    0    0     0     0  569 5161  4  2 95  0  0 2021-12-09 10:46:17
 0  0      0 5049316 125200 1327552    0    0     0     0  923 6842  4  3 94  0  0 2021-12-09 10:46:18
 1  0      0 5049568 125200 1327552    0    0     0     4  911 6249  3  4 94  0  0 2021-12-09 10:46:19
 0  0      0 5049568 125200 1327552    0    0     0     0  720 5743  6  4 91  0  0 2021-12-09 10:46:20
 0  0      0 5049568 125200 1327552    0    0     0   200  652 6178  4  3 94  0  0 2021-12-09 10:46:21
 2  0      0 5049316 125200 1327552    0    0     0   148  737 5955  4  2 89  5  0 2021-12-09 10:46:22
 0  0      0 5049316 125200 1327556    0    0     0     0  630 5513  3  2 96  0  0 2021-12-09 10:46:23
 1  0      0 5049316 125200 1327556    0    0     0     0  526 4789  4  2 95  0  0 2021-12-09 10:46:24
 0  0      0 5048712 125200 1327556    0    0     0     4  556 5162  5  3 93  0  0 2021-12-09 10:46:25
 0  0      0 5048560 125200 1327560    0    0     0     0  716 6373  4  3 93  0  0 2021-12-09 10:46:26
 0  0      0 5048560 125200 1327560    0    0     0     0  731 5948  3  4 94  0  0 2021-12-09 10:46:27
 0  0      0 5048560 125200 1327560    0    0     0     0  834 6187  4  3 93  0  0 2021-12-09 10:46:28
 0  0      0 5049064 125200 1327564    0    0     0     0  954 7224  3  4 93  0  0 2021-12-09 10:46:29
 0  0      0 5049064 125200 1327564    0    0     0     0 1212 8687  5  9 86  0  0 2021-12-09 10:46:30
 1  0      0 5049064 125200 1327568    0    0     0     0  680 5393  5  3 92  0  0 2021-12-09 10:46:31
 0  0      0 5049064 125200 1327568    0    0     0     4  756 6227  5  3 92  0  0 2021-12-09 10:46:32
 0  0      0 5049064 125200 1327568    0    0     0     0  587 5328  4  2 93  0  0 2021-12-09 10:46:33
 0  0      0 5048308 125200 1327572    0    0     0     0  758 6401  4  4 93  0  0 2021-12-09 10:46:34
procs -----------memory---------- ---swap-- -----io---- -system-- ------cpu----- -----timestamp-----
 r  b   swpd   free   buff  cache   si   so    bi    bo   in   cs us sy id wa st                 UTC
 2  0      0 5048560 125200 1327572    0    0     0     0  786 6556  3  5 93  0  0 2021-12-09 10:46:35
 0  0      0 5049568 125200 1327572    0    0     0     0  933 6872  4  2 94  0  0 2021-12-09 10:46:36
 0  0      0 5049568 125200 1327572    0    0     0     0  507 5035  4  2 94  0  0 2021-12-09 10:46:37
 0  0      0 5049316 125200 1327572    0    0     0     4  544 5020  3  2 95  0  0 2021-12-09 10:46:38
 1  0      0 5049316 125200 1327576    0    0     0     0  750 6151  5  2 93  0  0 2021-12-09 10:46:39
 0  0      0 5049316 125200 1327576    0    0     0     0  900 6870  5  2 93  0  0 2021-12-09 10:46:40
 0  0      0 5049800 125200 1327576    0    0     0     0  902 7245  4  4 92  0  0 2021-12-09 10:46:41
 0  0      0 5049820 125200 1327580    0    0     0    24  586 5265  5  3 92  0  0 2021-12-09 10:46:42
 0  0      0 5049820 125200 1327580    0    0     0     0  825 6684  4  3 93  0  0 2021-12-09 10:46:43
 1  0      0 5049820 125200 1327580    0    0     0     4  653 5413  4  2 94  0  0 2021-12-09 10:46:44
 1  0      0 5050072 125200 1327580    0    0     0     0  683 6577  7  2 91  0  0 2021-12-09 10:46:45
 0  0      0 5050072 125200 1327580    0    0     0     0  730 6436  6  4 91  0  0 2021-12-09 10:46:46
 0  0      0 5049568 125200 1327580    0    0     0   288  552 5082  4  4 90  3  0 2021-12-09 10:46:47
 0  0      0 5048812 125200 1327584    0    0     0     0  749 6045  3  2 96  0  0 2021-12-09 10:46:48
 0  0      0 5048568 125200 1327584    0    0     0     0  928 7250  5  4 92  0  0 2021-12-09 10:46:49
 1  0      0 5048836 125200 1327588    0    0     0     4  775 5774  4  3 93  0  0 2021-12-09 10:46:50
 0  0      0 5048836 125200 1327596    0    0     0     0  716 5917  6  2 93  0  0 2021-12-09 10:46:51
 0  0      0 5070872 125200 1327600    0    0     0    92  606 6106  6  4 90  1  0 2021-12-09 10:46:52
 0  0      0 5070872 125200 1327600    0    0     0     0  505 4928  3  2 95  0  0 2021-12-09 10:46:53
