procs -----------memory---------- ---swap-- -----io---- -system-- ------cpu----- -----timestamp-----
 r  b   swpd   free   buff  cache   si   so    bi    bo   in   cs us sy id wa st                 UTC
 0  0      0 4922780 125368 1507604    0    0    37    68  317   65  5  2 92  1  0 2021-12-09 12:41:18
 0  0      0 4922512 125368 1507612    0    0     0    12  479 4406  4  2 94  0  0 2021-12-09 12:41:19
 0  0      0 4921748 125368 1507612    0    0     0     4  557 4670  6  2 92  0  0 2021-12-09 12:41:20
 0  0      0 4903752 125372 1507612    0    0     0    56  755 5813  5  3 92  1  0 2021-12-09 12:41:21
 0  0      0 4903500 125372 1507612    0    0     0     0  881 5369  4  3 94  0  0 2021-12-09 12:41:22
 0  0      0 4902996 125372 1507616    0    0     0     0  853 5303  2  1 97  0  0 2021-12-09 12:41:23
 1  0      0 4849784 125372 1507616    0    0     0   188  421 5736 62  6 30  2  0 2021-12-09 12:41:24
 0  0      0 4828048 125372 1507616    0    0     0     0  661 7303 48  5 47  0  0 2021-12-09 12:41:25
 0  0      0 4827544 125372 1507620    0    0     0     4  761 6532  4  3 93  0  0 2021-12-09 12:41:26
 1  0      0 4827544 125372 1507620    0    0     0   820 1648 11338 14  5 74  7  0 2021-12-09 12:41:28
 0  0      0 4826788 125372 1507768    0    0     0     0  884 5993  8  2 91  0  0 2021-12-09 12:41:29
 0  0      0 4826032 125372 1507768    0    0     0     0  910 7330  6  4 90  0  0 2021-12-09 12:41:30
 0  0      0 4822220 125384 1507872    0    0     0   732 1663 13744 15 11 70  5  0 2021-12-09 12:41:31
 0  0      0 4822204 125384 1507920    0    0     0     0  862 5882  4  2 94  0  0 2021-12-09 12:41:32
 0  0      0 4821968 125392 1508036    0    0     0   836 1436 10978 12  4 80  5  0 2021-12-09 12:41:33
 0  0      0 4820708 125392 1508076    0    0     0     0  938 6628  7  4 90  0  0 2021-12-09 12:41:34
 1  0      0 4820440 125392 1508076    0    0     0     0 1093 7105  4  3 94  0  0 2021-12-09 12:41:35
 0  0      0 4820204 125392 1508232    0    0     0   772 1502 10438 12  5 79  5  0 2021-12-09 12:41:36
 1  0      0 4819448 125392 1508232    0    0     0     0  900 6755  4  3 93  0  0 2021-12-09 12:41:37
 0  0      0 4818924 125396 1508360    0    0     0   812 1542 11872 14  5 74  7  0 2021-12-09 12:41:38
 0  0      0 4818692 125396 1508384    0    0     0     4  945 6457  5  2 93  0  0 2021-12-09 12:41:39
procs -----------memory---------- ---swap-- -----io---- -system-- ------cpu----- -----timestamp-----
 r  b   swpd   free   buff  cache   si   so    bi    bo   in   cs us sy id wa st                 UTC
 1  1      0 4818692 125400 1508384    0    0     0   168  988 7446  5  3 90  2  0 2021-12-09 12:41:40
 0  0      0 4818432 125404 1508544    0    0     0   592 1369 9979 12  5 80  3  0 2021-12-09 12:41:41
 0  0      0 4818188 125404 1508544    0    0     0     0  789 6356  5  2 93  0  0 2021-12-09 12:41:42
 0  0      0 4817432 125416 1508676    0    0     0   760 1479 10154 13  4 80  4  0 2021-12-09 12:41:43
 0  0      0 4816912 125416 1508680    0    0     0     0  595 4907  2  2 97  0  0 2021-12-09 12:41:44
 0  0      0 4816676 125424 1508844    0    0     0   776 1565 11269 12  4 79  5  0 2021-12-09 12:41:45
 0  0      0 4816676 125424 1508844    0    0     0     0  906 6744  6  3 91  0  0 2021-12-09 12:41:46
 0  0      0 4816928 125424 1508848    0    0     0     0  634 5113  4  2 94  0  0 2021-12-09 12:41:47
 1  0      0 4816676 125436 1508864    0    0     0   732 1545 11108  9  4 82  5  0 2021-12-09 12:41:48
 0  0      0 4816928 125436 1508984    0    0     0     0  866 6682  5  4 92  0  0 2021-12-09 12:41:49
 0  0      0 4816180 125448 1508972    0    0     0   756 1342 9623 13  4 79  5  0 2021-12-09 12:41:50
 2  0      0 4816424 125448 1509128    0    0     0     4  987 6519  6  4 91  0  0 2021-12-09 12:41:51
 1  0      0 4816888 125448 1509132    0    0     0     0  999 6624  3  3 94  0  0 2021-12-09 12:41:52
 0  0      0 4816172 125460 1509296    0    0     0   824 1573 10908 10  6 80  4  0 2021-12-09 12:41:53
 0  0      0 4815676 125460 1509296    0    0     0     0  930 6227  4  4 93  0  0 2021-12-09 12:41:54
 1  0      0 4814408 125472 1509444    0    0     0   724 1651 11678 12  4 80  5  0 2021-12-09 12:41:55
 4  0      0 4814388 125472 1509448    0    0     0   100  678 4985  4  2 95  0  0 2021-12-09 12:41:56
 6  0      0 4815416 125472 1509508    0    0     0   484 1319 9933  7  2 87  5  0 2021-12-09 12:41:57
 0  0      0 4813400 125476 1509608    0    0     0   348  922 8192 10  4 85  1  0 2021-12-09 12:41:58
 0  0      0 4812624 125476 1509608    0    0     0     0  887 6194  5  3 93  0  0 2021-12-09 12:41:59
 0  0      0 4813148 125480 1509668    0    0     0   760 1353 10646 12  6 78  4  0 2021-12-09 12:42:00
procs -----------memory---------- ---swap-- -----io---- -system-- ------cpu----- -----timestamp-----
 r  b   swpd   free   buff  cache   si   so    bi    bo   in   cs us sy id wa st                 UTC
 1  0      0 4813148 125480 1509772    0    0     0   296  756 5379  4  3 93  1  0 2021-12-09 12:42:01
 0  0      0 4813400 125484 1509928    0    0     0   840 1436 11291 12  4 79  5  0 2021-12-09 12:42:02
 0  0      0 4813884 125484 1509920    0    0     0     4  718 5497  4  2 95  0  0 2021-12-09 12:42:03
 0  0      0 4815416 125484 1509924    0    0     0     0 1009 7574  5  4 91  0  0 2021-12-09 12:42:04
 0  0      0 4815416 125500 1510056    0    0     0   792 1471 10303 11  6 80  4  0 2021-12-09 12:42:05
 0  0      0 4815416 125500 1510060    0    0     0     0  962 6884  6  2 92  0  0 2021-12-09 12:42:06
 0  0      0 4815416 125508 1510224    0    0     0   796 1620 11098 11  5 78  6  0 2021-12-09 12:42:07
 0  0      0 4815164 125508 1510228    0    0     0     0  755 6027  5  2 93  0  0 2021-12-09 12:42:08
 0  0      0 4815132 125508 1510228    0    0     0     4  726 5515  5  3 92  0  0 2021-12-09 12:42:09
 0  0      0 4814912 125520 1510380    0    0     0   776 1507 12137 13  7 73  7  0 2021-12-09 12:42:10
 0  0      0 4814920 125520 1510384    0    0     0     0  810 5861  4  1 95  0  0 2021-12-09 12:42:11
 1  0      0 4813148 125520 1510468    0    0     0   740 1437 10527 11  5 80  5  0 2021-12-09 12:42:12
 0  0      0 4813148 125520 1510524    0    0     0     0  781 5659  2  2 96  0  0 2021-12-09 12:42:13
 4  1      0 4813140 125540 1510544    0    0     0   416 1138 8441  7  1 89  3  0 2021-12-09 12:42:14
 0  0      0 4813592 125544 1510684    0    0     0   348 1061 8288  9  4 86  2  0 2021-12-09 12:42:15
 0  0      0 4813660 125544 1510688    0    0     0     0  761 5435  3  2 96  0  0 2021-12-09 12:42:16
 0  0      0 4813140 125560 1510832    0    0     0   744 1248 10048 14  4 77  6  0 2021-12-09 12:42:17
 1  0      0 4812392 125560 1510840    0    0     0     0 1045 7229  5  3 92  0  0 2021-12-09 12:42:18
 3  0      0 4812372 125576 1510936    0    0     0   796 1575 11651 14  4 76  6  0 2021-12-09 12:42:19
 0  0      0 4812376 125576 1511016    0    0     0     0  944 6424  6  3 92  0  0 2021-12-09 12:42:20
 0  0      0 4812116 125576 1511016    0    0     0     4  853 5545  5  2 93  0  0 2021-12-09 12:42:21
procs -----------memory---------- ---swap-- -----io---- -system-- ------cpu----- -----timestamp-----
 r  b   swpd   free   buff  cache   si   so    bi    bo   in   cs us sy id wa st                 UTC
 1  0      0 4810628 125588 1511168    0    0     0   740 1503 13432 15  8 71  6  0 2021-12-09 12:42:22
 0  0      0 4810628 125588 1511168    0    0     0     0  775 5944  3  2 95  0  0 2021-12-09 12:42:23
 0  0      0 4809872 125616 1511324    0    0     0   708 1237 9513 10  5 81  5  0 2021-12-09 12:42:24
 0  0      0 4809368 125616 1511328    0    0     0     0  903 6822  4  4 92  0  0 2021-12-09 12:42:25
 0  0      0 4809368 125616 1511328    0    0     0     0  679 5483  5  1 94  0  0 2021-12-09 12:42:26
 0  0      0 4811636 125628 1511496    0    0     0   832 1731 12099 11  6 78  5  0 2021-12-09 12:42:27
 0  0      0 4812544 125628 1511496    0    0     0     0  508 5227  4  2 95  0  0 2021-12-09 12:42:28
 0  0      0 4809620 125668 1511660    0    0     0   780 1288 9708 15  3 80  3  0 2021-12-09 12:42:29
 1  0      0 4809620 125668 1511660    0    0     0     0  958 6276  6  4 91  0  0 2021-12-09 12:42:30
 0  1      0 4810628 125668 1511676    0    0     0    72 1272 9123  6  6 88  1  0 2021-12-09 12:42:31
 1  0      0 4809368 125668 1511832    0    0     0   780 1574 10878 13  5 75  7  0 2021-12-09 12:42:32
 0  0      0 4810376 125668 1511836    0    0     0     4  779 5994  4  1 95  0  0 2021-12-09 12:42:33
 1  0      0 4810096 125688 1512164    0    0     0  1852 1964 14839 19  7 64 11  0 2021-12-09 12:42:34
 3  0      0 4810100 125688 1512228    0    0     0     0  941 6449  4  3 94  0  0 2021-12-09 12:42:35
 0  1      0 4810820 125688 1512228    0    0     0   220  529 5604  3  3 92  3  0 2021-12-09 12:42:36
 0  0      0 4810880 125696 1512392    0    0     0   944 1244 10525 10  5 82  3  0 2021-12-09 12:42:37
 1  0      0 4813316 125696 1509492    0    0     0     0  879 6375  4  4 93  0  0 2021-12-09 12:42:38
 0  0      0 4811888 125700 1509456    0    0     0   908 1463 10119 13  4 76  7  0 2021-12-09 12:42:39
 0  0      0 4811636 125700 1509456    0    0     0     0 1028 6158  6  2 92  0  0 2021-12-09 12:42:40
 0  1      0 4810628 125704 1509560    0    0     0   592 1530 10467  9  4 83  4  0 2021-12-09 12:42:41
 0  0      0 4811768 125708 1509612    0    0     0   140 1129 8326  7  5 86  3  0 2021-12-09 12:42:42
procs -----------memory---------- ---swap-- -----io---- -system-- ------cpu----- -----timestamp-----
 r  b   swpd   free   buff  cache   si   so    bi    bo   in   cs us sy id wa st                 UTC
 1  0      0 4813400 125708 1509612    0    0     0     0 1065 6707  4  3 94  0  0 2021-12-09 12:42:43
 0  0      0 4812140 125712 1509720    0    0     0   760 1490 10057 13  4 78  6  0 2021-12-09 12:42:44
 0  0      0 4812140 125712 1509780    0    0     0     4  757 5201  5  2 93  0  0 2021-12-09 12:42:45
 0  0      0 4811888 125720 1509928    0    0     0   832 1845 13567 15  5 74  6  0 2021-12-09 12:42:46
 0  0      0 4811636 125720 1509928    0    0     0     0  814 6172  5  3 93  0  0 2021-12-09 12:42:47
 0  0      0 4811636 125720 1509928    0    0     0     0  511 4801  3  4 93  0  0 2021-12-09 12:42:48
 0  0      0 4812140 125732 1510096    0    0     0   768 1275 11273 13  6 75  7  0 2021-12-09 12:42:49
 0  0      0 4812660 125732 1510096    0    0     0     0  860 6131  5  3 92  0  0 2021-12-09 12:42:50
 4  0      0 4811384 125736 1510252    0    0     0   792 1520 11103 11  6 78  6  0 2021-12-09 12:42:51
 0  0      0 4812080 125736 1510252    0    0     0     0  976 6862  6  2 92  0  0 2021-12-09 12:42:52
 1  0      0 4812140 125736 1510256    0    0     0     0  636 5152  4  1 95  0  0 2021-12-09 12:42:53
 0  0      0 4811132 125744 1510420    0    0     0   772 1659 11843 14  4 78  5  0 2021-12-09 12:42:54
 0  0      0 4811364 125744 1510420    0    0     0     0  841 5984  2  2 96  0  0 2021-12-09 12:42:55
 0  0      0 4809116 125748 1510480    0    0     0   796 1405 11544 15  7 74  5  0 2021-12-09 12:42:56
 0  0      0 4810556 125748 1510580    0    0     0     4  896 6587  4  3 93  0  0 2021-12-09 12:42:57
 0  1      0 4811828 125748 1510592    0    0     0   140  813 6398  5  2 93  1  0 2021-12-09 12:42:58
 0  0      0 4811344 125748 1510724    0    0     0   704 1635 11731 12  6 76  5  0 2021-12-09 12:42:59
 0  0      0 4811376 125748 1510724    0    0     0     0  836 6526  8  2 90  0  0 2021-12-09 12:43:00
 0  0      0 4810060 125752 1510796    0    0     0   788 1314 10575 13  5 78  4  0 2021-12-09 12:43:01
 0  0      0 4811392 125752 1510892    0    0     0     0  874 6328  5  3 92  0  0 2021-12-09 12:43:02
 5  0      0 4811840 125768 1510884    0    0     0   500 1283 9294  7  4 85  4  0 2021-12-09 12:43:03
procs -----------memory---------- ---swap-- -----io---- -system-- ------cpu----- -----timestamp-----
 r  b   swpd   free   buff  cache   si   so    bi    bo   in   cs us sy id wa st                 UTC
 2  0      0 4810576 125772 1511044    0    0     0   328 1134 8103  9  4 86  2  0 2021-12-09 12:43:04
 0  0      0 4811584 125772 1511048    0    0     0     0  657 5317  3  3 94  0  0 2021-12-09 12:43:05
 0  0      0 4810880 125776 1511108    0    0     0   772 1505 12479 12  5 78  5  0 2021-12-09 12:43:06
 0  0      0 4810864 125776 1511220    0    0     0     0  615 5083  5  2 94  0  0 2021-12-09 12:43:07
 0  0      0 4808612 125796 1511292    0    0     0   828 1230 8864  9  5 83  3  0 2021-12-09 12:43:08
 0  0      0 4808888 125796 1511368    0    0     0     4  686 6024  5  3 92  0  0 2021-12-09 12:43:09
 0  0      0 4810568 125796 1511372    0    0     0     0 1103 8039  8  3 90  0  0 2021-12-09 12:43:10
 3  0      0 4841876 125800 1511536    0    0     0   792 1452 10501 17  7 72  5  0 2021-12-09 12:43:11
 0  0      0 4841876 125800 1511536    0    0     0     0  642 5558  4  2 94  0  0 2021-12-09 12:43:12
 0  0      0 4838600 125808 1511696    0    0     0  1152 1241 10489 12  5 77  7  0 2021-12-09 12:43:13
 0  0      0 4838600 125808 1511700    0    0     0     0  732 6454  5  2 93  0  0 2021-12-09 12:43:14
 0  0      0 4839608 125808 1511700    0    0     0     4  648 5116  2  3 96  0  0 2021-12-09 12:43:15
 0  0      0 4836584 125812 1511844    0    0     0   736 1258 10153 12  6 78  5  0 2021-12-09 12:43:16
 1  0      0 4838340 125812 1511844    0    0     0     0  674 5409  4  2 95  0  0 2021-12-09 12:43:17
 4  0      0 4835316 125812 1511964    0    0     0   752 1326 10971 17  5 73  5  0 2021-12-09 12:43:18
 0  0      0 4835324 125812 1512024    0    0     0     0  489 4859  4  2 94  0  0 2021-12-09 12:43:19
 0  1      0 4837240 125812 1512032    0    0     0   224  729 6413  7  3 88  3  0 2021-12-09 12:43:20
 0  0      0 4835828 125816 1512168    0    0     0   604 1443 11491 15  3 79  3  0 2021-12-09 12:43:21
 0  0      0 4836584 125816 1512172    0    0     0     0  849 6168  5  3 93  0  0 2021-12-09 12:43:22
 0  0      0 4837068 125824 1512264    0    0     0   808 1577 10921 11  5 79  6  0 2021-12-09 12:43:23
 0  0      0 4838328 125824 1512340    0    0     0     0  595 4916  3  2 95  0  0 2021-12-09 12:43:24
procs -----------memory---------- ---swap-- -----io---- -system-- ------cpu----- -----timestamp-----
 r  b   swpd   free   buff  cache   si   so    bi    bo   in   cs us sy id wa st                 UTC
 1  1      0 4838600 125824 1512472    0    0     0   548 1333 9882  9  4 85  3  0 2021-12-09 12:43:25
 0  0      0 4838076 125828 1512492    0    0     0   204 1313 9650 11  4 83  2  0 2021-12-09 12:43:26
 0  0      0 4838096 125828 1512496    0    0     0     4  756 5314  4  2 94  0  0 2021-12-09 12:43:27
 0  0      0 4834820 125844 1512668    0    0     0   808 1542 11180 10  4 80  6  0 2021-12-09 12:43:28
 0  0      0 4837340 125844 1512668    0    0     0     0 1005 6638  5  3 93  0  0 2021-12-09 12:43:29
 0  0      0 4834316 125856 1512820    0    0     0   812 1356 11732 17  4 74  5  0 2021-12-09 12:43:30
 0  0      0 4833836 125856 1512820    0    0     0     0 1337 8939  8  7 85  0  0 2021-12-09 12:43:31
 0  0      0 4835324 125856 1512820    0    0     0     0  737 6102  3  2 95  0  0 2021-12-09 12:43:32
 1  0      0 4836836 125864 1512976    0    0     0   788 1438 11015 13  5 79  4  0 2021-12-09 12:43:33
 0  0      0 4837572 125864 1512980    0    0     0     0  727 5940  5  2 93  0  0 2021-12-09 12:43:34
 0  0      0 4835072 125872 1513144    0    0     0   796 1566 10445 10  6 78  6  0 2021-12-09 12:43:35
 0  0      0 4836040 125872 1513144    0    0     0     0  898 5825  5  2 93  0  0 2021-12-09 12:43:36
 0  0      0 4836080 125872 1513144    0    0     0     0 1031 6772  4  3 93  0  0 2021-12-09 12:43:37
 0  0      0 4833772 125880 1513308    0    0     0   776 1297 10687 15  5 76  5  0 2021-12-09 12:43:38
 0  0      0 4836020 125880 1513308    0    0     0    28  872 6499  6  3 91  0  0 2021-12-09 12:43:39
 0  0      0 4833540 125900 1513720    0    0     0  2016 1703 13039 16  7 67 10  0 2021-12-09 12:43:40
 0  0      0 4835508 125900 1513720    0    0     0     0  774 6104  5  2 93  0  0 2021-12-09 12:43:41
 8  1      0 4835792 125908 1513736    0    0     0   316  906 7288  7  3 86  3  0 2021-12-09 12:43:42
 0  0      0 4834064 125920 1513872    0    0     0   552 1375 9605 13  4 80  4  0 2021-12-09 12:43:43
 0  0      0 4837332 125920 1510744    0    0     0   332  769 6183  4  3 91  2  0 2021-12-09 12:43:44
 1  0      0 4838328 125932 1510856    0    0     0   884 1361 10829 12  6 75  7  0 2021-12-09 12:43:45
procs -----------memory---------- ---swap-- -----io---- -system-- ------cpu----- -----timestamp-----
 r  b   swpd   free   buff  cache   si   so    bi    bo   in   cs us sy id wa st                 UTC
 1  0      0 4838372 125932 1510920    0    0     0     0  810 5899  5  4 91  0  0 2021-12-09 12:43:46
 4  1      0 4836080 125940 1510924    0    0     0   576  987 8155  9  3 86  3  0 2021-12-09 12:43:47
 0  0      0 4835556 125940 1511076    0    0     0   260 1169 8128 10  5 84  2  0 2021-12-09 12:43:48
 1  0      0 4837624 125940 1511076    0    0     0     0  754 6121  6  1 93  0  0 2021-12-09 12:43:49
 0  0      0 4837544 125952 1511212    0    0     0   788 1323 10388 17  2 77  5  0 2021-12-09 12:43:50
 0  0      0 4838320 125952 1511224    0    0     0     4  738 6274  6  3 92  0  0 2021-12-09 12:43:51
 0  0      0 4839572 125952 1511324    0    0     0   768 1475 11740 11  4 80  5  0 2021-12-09 12:43:52
 0  0      0 4839380 125952 1511400    0    0     0     0  599 5296  4  2 95  0  0 2021-12-09 12:43:53
 0  0      0 4839104 125952 1511400    0    0     0     0  676 5767  5  2 93  0  0 2021-12-09 12:43:54
 0  0      0 4839104 125956 1511552    0    0     0   744 1790 12714 11  5 80  5  0 2021-12-09 12:43:55
 0  0      0 4838844 125956 1511552    0    0     0     0  873 5679  4  2 94  0  0 2021-12-09 12:43:56
 5  0      0 4836332 125964 1511704    0    0     0   744 1215 10192 11  5 78  6  0 2021-12-09 12:43:57
 0  0      0 4837844 125964 1511708    0    0     0     0  816 6711  6  4 91  0  0 2021-12-09 12:43:58
 3  0      0 4839044 125964 1511712    0    0     0    40  813 6213  4  4 92  0  0 2021-12-09 12:43:59
 0  0      0 4839104 125976 1511864    0    0     0   812 1452 10214 12  5 78  5  0 2021-12-09 12:44:00
 0  0      0 4839104 125976 1511864    0    0     0     0  539 4937  4  3 94  0  0 2021-12-09 12:44:01
 0  0      0 4839104 125992 1512028    0    0     0   736 1508 11315 14  8 73  5  0 2021-12-09 12:44:02
 0  0      0 4838348 125992 1512032    0    0     0     4  921 5522  3  2 94  0  0 2021-12-09 12:44:03
 0  1      0 4837088 126004 1512060    0    0     0   260  616 5549  4  4 91  3  0 2021-12-09 12:44:04
 0  0      0 4835032 126004 1512188    0    0     0   516 1239 11150 12  6 78  4  0 2021-12-09 12:44:05
 0  0      0 4836080 126004 1512188    0    0     0     0  999 7158  7  4 89  0  0 2021-12-09 12:44:06
procs -----------memory---------- ---swap-- -----io---- -system-- ------cpu----- -----timestamp-----
 r  b   swpd   free   buff  cache   si   so    bi    bo   in   cs us sy id wa st                 UTC
 1  0      0 4834064 126016 1512340    0    0     0   752 1572 10762 11  5 81  4  0 2021-12-09 12:44:07
 0  0      0 4835748 126016 1512340    0    0     0     0  855 5358  4  3 93  0  0 2021-12-09 12:44:08
 9  0      0 4834316 126020 1512420    0    0     0   616 1280 8822  8  5 84  3  0 2021-12-09 12:44:09
 0  0      0 4831688 126020 1512508    0    0     0   304 1067 7895 12  4 82  2  0 2021-12-09 12:44:10
 0  0      0 4834992 126020 1512512    0    0     0     0 1060 7623  8  3 89  0  0 2021-12-09 12:44:11
 0  0      0 4836832 126032 1512596    0    0     0   764 1565 11892 11  4 79  6  0 2021-12-09 12:44:12
 0  0      0 4837056 126032 1512664    0    0     0     0  646 5279  2  2 96  0  0 2021-12-09 12:44:13
 0  0      0 4834316 126044 1512736    0    0     0   760 1115 10551 13  5 75  8  0 2021-12-09 12:44:14
 0  0      0 4834296 126044 1512820    0    0     0     0  784 6038  5  3 92  0  0 2021-12-09 12:44:15
 0  0      0 4834324 126044 1512820    0    0     0     4  770 5973  4  2 94  0  0 2021-12-09 12:44:16
 1  0      0 4831292 126056 1512976    0    0     0   776 1288 9721 13  7 76  5  0 2021-12-09 12:44:17
 0  0      0 4831744 126056 1512976    0    0     0     0  714 6364  8  2 91  0  0 2021-12-09 12:44:18
 0  0      0 4830788 126064 1513160    0    0     0  1096 1534 11075 14  4 78  5  0 2021-12-09 12:44:19
 0  0      0 4832180 126064 1513164    0    0     0     0  696 6242  6  4 91  0  0 2021-12-09 12:44:20
 0  0      0 4833308 126064 1513164    0    0     0     0  645 5611  4  3 93  0  0 2021-12-09 12:44:21
 0  0      0 4833560 126072 1513308    0    0     0   792 1409 11692 15  6 74  5  0 2021-12-09 12:44:22
 0  0      0 4833560 126072 1513308    0    0     0     0  625 5153  2  2 96  0  0 2021-12-09 12:44:23
 0  0      0 4831544 126076 1513468    0    0     0   784 1263 10596 12  5 79  4  0 2021-12-09 12:44:24
 0  0      0 4832240 126076 1513468    0    0     0     0 1035 6480  2  4 95  0  0 2021-12-09 12:44:25
 0  1      0 4833056 126076 1513480    0    0     0    76 1182 7902  5  4 91  1  0 2021-12-09 12:44:26
 0  0      0 4832180 126076 1513632    0    0     0   736 1402 11079 11  6 80  4  0 2021-12-09 12:44:27
procs -----------memory---------- ---swap-- -----io---- -system-- ------cpu----- -----timestamp-----
 r  b   swpd   free   buff  cache   si   so    bi    bo   in   cs us sy id wa st                 UTC
 1  0      0 4833308 126076 1513640    0    0     0     4  855 6275  4  3 93  0  0 2021-12-09 12:44:28
 1  0      0 4833268 126084 1513748    0    0     0   832 1462 11469 12  4 79  5  0 2021-12-09 12:44:29
 1  0      0 4833308 126084 1513804    0    0     0    36  805 7094  8  2 90  0  0 2021-12-09 12:44:30
 0  1      0 4832300 126092 1513796    0    0     0   768 1987 12946 13  8 76  2  0 2021-12-09 12:44:31
 1  0      0 4832048 126092 1513968    0    0     0     0  862 6424  6  2 92  0  0 2021-12-09 12:44:32
 0  0      0 4832048 126092 1513968    0    0     0     0  808 5936  2  3 95  0  0 2021-12-09 12:44:33
 0  0      0 4830536 126112 1514128    0    0     0   812 1764 12551 13  5 77  4  0 2021-12-09 12:44:34
 0  0      0 4831464 126112 1514128    0    0     0     8  635 5064  3  2 95  0  0 2021-12-09 12:44:35
 0  0      0 4831292 126128 1514296    0    0     0   784 1211 8693 10  4 82  4  0 2021-12-09 12:44:36
 2  0      0 4831292 126128 1514296    0    0     0     0  937 6215  5  2 93  0  0 2021-12-09 12:44:37
 3  0      0 4831544 126128 1514296    0    0     0     0  951 6496  5  3 93  0  0 2021-12-09 12:44:38
 1  0      0 4830220 126140 1514456    0    0     0   768 1071 9367 12  5 78  6  0 2021-12-09 12:44:39
 0  0      0 4830768 126144 1514468    0    0     0    40  848 6333  8  4 88  0  0 2021-12-09 12:44:40
 0  0      0 4830284 126156 1514620    0    0     0   808 1435 10446 13  5 77  6  0 2021-12-09 12:44:41
 0  0      0 4832300 126156 1514620    0    0     0     0  919 7480  7  3 90  0  0 2021-12-09 12:44:42
 6  0      0 4832512 126156 1514656    0    0     0   284 1239 7931  5  2 90  3  0 2021-12-09 12:44:43
 3  0      0 4831292 126156 1514788    0    0     0   512 1171 8902 11  4 84  2  0 2021-12-09 12:44:44
 0  0      0 4831796 126156 1514788    0    0     0    20 1024 7223  5  3 93  0  0 2021-12-09 12:44:45
 0  0      0 4831040 126172 1515184    0    0     0  1988 2119 13926 16  6 65 13  0 2021-12-09 12:44:46
 0  0      0 4831032 126172 1515184    0    0     0     0  749 5672  5  3 93  0  0 2021-12-09 12:44:47
10  1      0 4830284 126188 1515268    0    0     0   804 1349 10474 10  5 80  5  0 2021-12-09 12:44:48
procs -----------memory---------- ---swap-- -----io---- -system-- ------cpu----- -----timestamp-----
 r  b   swpd   free   buff  cache   si   so    bi    bo   in   cs us sy id wa st                 UTC
 1  0      0 4830048 126188 1515352    0    0     0     0 1072 7314  8  3 89  0  0 2021-12-09 12:44:49
 0  0      0 4832284 126188 1512208    0    0     0    12  989 7685  8  4 88  0  0 2021-12-09 12:44:50
 0  0      0 4831512 126200 1512272    0    0     0   908 1576 11788 12  5 76  7  0 2021-12-09 12:44:51
 0  0      0 4831760 126200 1512376    0    0     0     4 1097 6856  3  3 94  0  0 2021-12-09 12:44:52
 0  0      0 4830544 126200 1512496    0    0     0   792 1627 10519  8  5 83  5  0 2021-12-09 12:44:53
 0  0      0 4830032 126200 1512544    0    0     0     0  926 6310  8  2 90  0  0 2021-12-09 12:44:54
 0  0      0 4829796 126200 1512544    0    0     0   348  917 5500  3  1 94  2  0 2021-12-09 12:44:55
 0  0      0 4826500 126208 1512620    0    0     0   824 1617 11228 11  5 78  7  0 2021-12-09 12:44:56
 0  0      0 4834708 126208 1512704    0    0     0     0  863 5827  5  4 91  0  0 2021-12-09 12:44:57
 0  0      0 4835072 126212 1512848    0    0     0   720 1596 13213 15  5 73  7  0 2021-12-09 12:44:58
 1  0      0 4834800 126212 1512852    0    0     0     0  695 5972  5  3 92  0  0 2021-12-09 12:44:59
 0  0      0 4834820 126212 1512856    0    0     0    40  990 6166  5  2 93  0  0 2021-12-09 12:45:00
 5  1      0 4809664 126240 1513116    0    0     0  1996 1709 12747 17 11 58 14  0 2021-12-09 12:45:01
 0  0      0 4798248 126240 1513448    0    0   128   700 1912 15654 24 16 55  5  0 2021-12-09 12:45:02
 0  0      0 4795880 126248 1513440    0    0     0   788 1633 14540 12  8 75  6  0 2021-12-09 12:45:03
 0  0      0 4798464 126248 1513600    0    0     0     4 1257 8773  6  4 91  0  0 2021-12-09 12:45:04
 0  0      0 4798012 126248 1513604    0    0     0     0 1074 7651  5  3 92  0  0 2021-12-09 12:45:05
 4  0      0 4798052 126256 1513760    0    0     0   796 2275 15513 17  8 70  5  0 2021-12-09 12:45:06
 3  0      0 4796260 126256 1513836    0    0     0     0 1817 13049  7  6 87  0  0 2021-12-09 12:45:07
 0  0      0 4796256 126260 1513992    0    0     0   764 1569 10690 11  5 80  5  0 2021-12-09 12:45:08
 0  0      0 4796256 126260 1514056    0    0     0     0 1345 9736  5  5 90  0  0 2021-12-09 12:45:09
procs -----------memory---------- ---swap-- -----io---- -system-- ------cpu----- -----timestamp-----
 r  b   swpd   free   buff  cache   si   so    bi    bo   in   cs us sy id wa st                 UTC
 5  1      0 4796256 126260 1514088    0    0     0   336 1324 10628 11  5 81  3  0 2021-12-09 12:45:10
 0  0      0 4795248 126260 1514208    0    0     0   444 1666 14074 16  8 74  2  0 2021-12-09 12:45:11
 0  0      0 4796236 126260 1514208    0    0     0     0  916 6963  7  4 89  0  0 2021-12-09 12:45:12
 0  0      0 4794744 126260 1514360    0    0     0   768 1803 11845 13  5 75  7  0 2021-12-09 12:45:13
 0  0      0 4794208 126260 1514360    0    0     0     0 1332 9347  7  5 88  0  0 2021-12-09 12:45:14
 5  0      0 4793232 126260 1514436    0    0     0   500 1865 13171 11  7 78  4  0 2021-12-09 12:45:15
 0  0      0 4791980 126260 1514520    0    0     0   304 1808 12005 11  4 84  1  0 2021-12-09 12:45:16
 0  0      0 4792728 126260 1514524    0    0     0     0 1344 8798  6  3 92  0  0 2021-12-09 12:45:17
 3  0      0 4792112 126272 1514512    0    0     0   816 2300 16810 15  8 71  6  0 2021-12-09 12:45:18
 0  0      0 4792224 126272 1514676    0    0     0     0 1213 9436  6  6 88  0  0 2021-12-09 12:45:19
11  0      0 4784792 126272 1514676    0    0     0   820 1123 11733 17  7 71  5  0 2021-12-09 12:45:20
 2  0      0 4792940 126272 1514856    0    0     0     0 1310 10539 12  7 81  0  0 2021-12-09 12:45:21
 0  0      0 4792980 126272 1514856    0    0     0     4 1014 8808  9  4 87  0  0 2021-12-09 12:45:22
 0  0      0 4792960 126276 1514940    0    0     0   824 2239 14227 12  7 75  6  0 2021-12-09 12:45:23
 1  0      0 4792980 126276 1515020    0    0     0     0 1617 10335  7  4 89  0  0 2021-12-09 12:45:24
 0  0      0 4792224 126280 1515192    0    0     0   848 2310 15672 18  7 70  5  0 2021-12-09 12:45:25
 0  0      0 4793424 126280 1515192    0    0     0     0 1422 10379  7  6 88  0  0 2021-12-09 12:45:26
 0  0      0 4793736 126280 1515192    0    0     0    84 1251 8270  4  4 92  0  0 2021-12-09 12:45:27
 3  0      0 4792476 126292 1515348    0    0     0   804 2438 16317 15  9 73  4  0 2021-12-09 12:45:28
 0  0      0 4792980 126292 1515352    0    0     0     0 1403 8561  5  4 91  0  0 2021-12-09 12:45:29
 0  0      0 4791468 126296 1515508    0    0     0   784 1769 13944 19  9 69  3  0 2021-12-09 12:45:30
procs -----------memory---------- ---swap-- -----io---- -system-- ------cpu----- -----timestamp-----
 r  b   swpd   free   buff  cache   si   so    bi    bo   in   cs us sy id wa st                 UTC
 7  0      0 4791216 126296 1515512    0    0     0     0 1972 13497  8 10 82  0  0 2021-12-09 12:45:31
 6  0      0 4791132 126296 1515516    0    0     0  1032 1643 10695  8  5 78  9  0 2021-12-09 12:45:32
 0  0      0 4788128 126308 1515700    0    0     0   876 2138 15094 15  9 66 11  0 2021-12-09 12:45:33
 0  0      0 4789648 126308 1515912    0    0     0     4 2284 16363 13  8 79  0  0 2021-12-09 12:45:34
 1  0      0 4787864 126332 1516032    0    0     0   788 2099 13706 14  6 75  5  0 2021-12-09 12:45:35
 2  0      0 4790404 126332 1516244    0    0     0     0 1947 13662 10  4 86  0  0 2021-12-09 12:45:36
 0  0      0 4790908 126332 1516244    0    0     0     0 1193 8899  7  5 89  0  0 2021-12-09 12:45:37
 0  0      0 4790940 126332 1516408    0    0     0  1520 1896 15217 17  8 72  4  0 2021-12-09 12:45:38
 0  0      0 4790940 126332 1516408    0    0     0     0 1165 8349  5  4 91  0  0 2021-12-09 12:45:39
 0  0      0 4788420 126340 1516776    0    0     0   824 2908 22290 23  9 64  4  0 2021-12-09 12:45:40
 0  0      0 4789580 126340 1516776    0    0     0     0 1935 13225  8  5 88  0  0 2021-12-09 12:45:41
 0  1      0 4791192 126344 1516804    0    0     0   248 1506 11477 11  5 82  3  0 2021-12-09 12:45:42
 0  0      0 4788176 126352 1516928    0    0     0   556 1882 12320 11  7 80  2  0 2021-12-09 12:45:43
 0  0      0 4787160 126352 1517012    0    0     0     0 1494 10330  8  5 88  0  0 2021-12-09 12:45:44
 0  0      0 4787324 126372 1517108    0    0     0   788 1321 13626 19  7 71  4  0 2021-12-09 12:45:45
 2  0      0 4787916 126372 1517312    0    0     0     4 1737 13390 12  6 82  0  0 2021-12-09 12:45:46
 8  0      0 4788352 126372 1517636    0    0     0   540 3562 28608 27 12 59  3  0 2021-12-09 12:45:47
 1  0      0 4788916 126372 1517832    0    0     0   268 1361 12142 11  6 83  1  0 2021-12-09 12:45:48
 0  0      0 4788916 126372 1517832    0    0     0     0 1003 7508  7  2 91  0  0 2021-12-09 12:45:49
 3  0      0 4787940 126388 1517992    0    0     0   776 2355 17280 19  8 68  6  0 2021-12-09 12:45:50
 1  0      0 4788160 126388 1517992    0    0     0     0 1045 7000  5  1 94  0  0 2021-12-09 12:45:51
procs -----------memory---------- ---swap-- -----io---- -system-- ------cpu----- -----timestamp-----
 r  b   swpd   free   buff  cache   si   so    bi    bo   in   cs us sy id wa st                 UTC
 2  2      0 4787656 126388 1518128    0    0     0  1000 2328 15217 15  8 71  6  0 2021-12-09 12:45:52
 0  0      0 4787404 126388 1518396    0    0     0   784 1464 10184  9  5 84  3  0 2021-12-09 12:45:53
 0  0      0 4787152 126388 1518396    0    0     0     0 1570 10756  7  4 89  0  0 2021-12-09 12:45:54
 0  0      0 4787656 126396 1518556    0    0     0   848 2165 15155 15  5 75  5  0 2021-12-09 12:45:55
 0  0      0 4792584 126396 1515424    0    0     0     0 1571 10428  7  5 88  0  0 2021-12-09 12:45:56
 0  0      0 4793200 126400 1515608    0    0     0   788 1927 14662 14  6 73  7  0 2021-12-09 12:45:57
 1  0      0 4790900 126400 1515776    0    0     0   332 1951 18665 23 11 66  0  0 2021-12-09 12:45:58
 2  0      0 4789688 126400 1515860    0    0     0     0 1940 13488  8  7 85  0  0 2021-12-09 12:45:59
 0  0      0 4785352 126404 1516060    0    0     0   724 2321 18858 20  8 65  7  0 2021-12-09 12:46:00
 1  0      0 4786648 126404 1516104    0    0     0     0 1357 10210  8  5 87  0  0 2021-12-09 12:46:01
 0  0      0 4787344 126420 1516092    0    0     0   748 1448 15397 23  9 64  5  0 2021-12-09 12:46:02
 0  0      0 4788412 126420 1516268    0    0     0    48 1737 10522  8  6 87  0  0 2021-12-09 12:46:03
 2  0      0 4787916 126420 1516268    0    0     0     4 1460 10074  6  5 89  0  0 2021-12-09 12:46:04
 7  0      0 4787900 126432 1516424    0    0     0   752 1491 11431 14  5 73  7  0 2021-12-09 12:46:05
 0  0      0 4787152 126432 1516424    0    0     0     0 1222 8432  9  4 87  0  0 2021-12-09 12:46:06
 0  0      0 4785640 126436 1516596    0    0     0   756 1852 12889 13  6 76  5  0 2021-12-09 12:46:07
 0  0      0 4785892 126436 1516596    0    0     0   252 2008 13655  8  6 85  1  0 2021-12-09 12:46:08
 0  0      0 4786144 126436 1516600    0    0     0     0 1105 8247  5  5 90  0  0 2021-12-09 12:46:09
 0  0      0 4782868 126440 1516764    0    0     0   856 1884 15279 18  8 70  5  0 2021-12-09 12:46:10
 0  0      0 4785056 126440 1516764    0    0     0     0 1616 9972  7  5 89  0  0 2021-12-09 12:46:11
 4  0      0 4784348 126448 1516920    0    0     0   812 1951 13294 18  6 70  7  0 2021-12-09 12:46:12
procs -----------memory---------- ---swap-- -----io---- -system-- ------cpu----- -----timestamp-----
 r  b   swpd   free   buff  cache   si   so    bi    bo   in   cs us sy id wa st                 UTC
 2  0      0 4783828 126448 1516920    0    0     0  1132 1479 9822  6  4 90  0  0 2021-12-09 12:46:13
 0  0      0 4783340 126448 1516924    0    0     0     0 1344 8520  6  4 90  0  0 2021-12-09 12:46:14
 0  0      0 4782324 126452 1517020    0    0     0   744 2299 15269 15  7 71  7  0 2021-12-09 12:46:15
 0  0      0 4781332 126452 1517088    0    0     0     4 1591 9646  5  4 91  0  0 2021-12-09 12:46:16
 0  0      0 4781548 126456 1517228    0    0     0   752 2406 16442 15  8 72  5  0 2021-12-09 12:46:17
 0  0      0 4784800 126456 1517256    0    0     0     0 1685 11355  7  4 89  0  0 2021-12-09 12:46:18
 6  0      0 4785024 126460 1517276    0    0     0   292 1561 10532  7  3 88  3  0 2021-12-09 12:46:19
 0  0      0 4783996 126472 1517420    0    0     0   448 1711 12453 13  6 77  4  0 2021-12-09 12:46:20
 5  0      0 4783852 126472 1517420    0    0     0     0  703 6424  6  4 91  0  0 2021-12-09 12:46:21
 0  0      0 4783592 126476 1517580    0    0     0  1056 1886 14422 16  6 68 10  0 2021-12-09 12:46:22
 0  0      0 4783340 126476 1517580    0    0     0     0 1290 9106  5  2 93  0  0 2021-12-09 12:46:23
 0  0      0 4781072 126492 1517744    0    0     0   724 1616 11821 13  5 77  5  0 2021-12-09 12:46:24
 0  0      0 4782080 126492 1517744    0    0     0     0 1637 11519  9  5 86  0  0 2021-12-09 12:46:25
 0  0      0 4784772 126492 1517744    0    0     0     0 1582 11145  8  5 88  0  0 2021-12-09 12:46:26
 1  0      0 4784600 126496 1517900    0    0     0   752 1363 13207 14  6 76  5  0 2021-12-09 12:46:27
 0  0      0 4784600 126496 1517900    0    0     0     4 1373 8265  7  4 90  0  0 2021-12-09 12:46:28
 0  0      0 4778552 126512 1518052    0    0     0   776 1837 12086 14  6 75  5  0 2021-12-09 12:46:29
 1  0      0 4778660 126512 1518052    0    0     0     0 1550 10789 10  6 84  0  0 2021-12-09 12:46:30
 0  0      0 4779812 126512 1518056    0    0     0     0 1817 12593  7  8 85  0  0 2021-12-09 12:46:31
 0  0      0 4779568 126516 1518176    0    0     0   760 2274 16205 17  8 72  4  0 2021-12-09 12:46:32
 0  5      0 4797540 126516 1518312    0    0     0  1436 1107 9069  8  6 70 17  0 2021-12-09 12:46:33
procs -----------memory---------- ---swap-- -----io---- -system-- ------cpu----- -----timestamp-----
 r  b   swpd   free   buff  cache   si   so    bi    bo   in   cs us sy id wa st                 UTC
 1  0      0 4816796 126536 1516668    0    0     0  1320 1653 13035 11  8 58 23  0 2021-12-09 12:46:34
 0  0      0 4818072 126536 1516760    0    0     0     0  779 5881  4  2 94  0  0 2021-12-09 12:46:35
 0  0      0 4819868 126536 1516760    0    0     0     8  744 5109  3  3 94  0  0 2021-12-09 12:46:36
 0  0      0 4819656 126540 1516924    0    0     0   744 1333 10200 12  5 78  6  0 2021-12-09 12:46:37
 1  0      0 4820488 126540 1516924    0    0     0     4 1148 8144  6  3 91  0  0 2021-12-09 12:46:38
 0  0      0 4821420 126544 1517096    0    0     0   800 1509 11203 13  5 77  6  0 2021-12-09 12:46:39
 1  0      0 4820924 126544 1517096    0    0     0     4  728 5329  4  2 94  0  0 2021-12-09 12:46:40
 0  1      0 4819656 126552 1517136    0    0     0   364 1046 8027  7  4 87  3  0 2021-12-09 12:46:41
 2  0      0 4820272 126556 1517268    0    0     0   404 1283 9620 14  4 80  3  0 2021-12-09 12:46:42
 0  0      0 4820916 126556 1517272    0    0     0     0  677 4479  2  2 96  0  0 2021-12-09 12:46:43
 0  0      0 4820160 126560 1517384    0    0     0   764 1482 10852 12  4 78  7  0 2021-12-09 12:46:44
 0  0      0 4821168 126560 1517440    0    0     0     0 1128 7138  4  3 93  0  0 2021-12-09 12:46:45
 3  0      0 4820916 126560 1517600    0    0     0   800 1556 10438 11  5 79  6  0 2021-12-09 12:46:46
 0  0      0 4820664 126560 1517608    0    0     0     0  786 5942  5  3 93  0  0 2021-12-09 12:46:47
 0  0      0 4820412 126560 1517608    0    0     0     0  750 5663  6  2 93  0  0 2021-12-09 12:46:48
 0  0      0 4818396 126564 1517744    0    0     0   764 1531 10696 13  5 77  4  0 2021-12-09 12:46:49
 1  0      0 4818648 126564 1517792    0    0     0     0 1060 7066  7  3 90  0  0 2021-12-09 12:46:50
 0  0      0 4817640 126564 1517952    0    0     0   748 1651 11290 11  7 76  6  0 2021-12-09 12:46:51
 0  0      0 4817868 126564 1517960    0    0     0     4  898 6772  7  3 90  0  0 2021-12-09 12:46:52
 0  0      0 4818640 126564 1517960    0    0     0     0  803 5730  6  1 93  0  0 2021-12-09 12:46:53
 0  0      0 4817640 126568 1518052    0    0     0   840 1416 11863 15  8 73  4  0 2021-12-09 12:46:54
procs -----------memory---------- ---swap-- -----io---- -system-- ------cpu----- -----timestamp-----
 r  b   swpd   free   buff  cache   si   so    bi    bo   in   cs us sy id wa st                 UTC
 2  0      0 4817860 126568 1518148    0    0     0     0  823 6165  6  4 90  0  0 2021-12-09 12:46:55
 0  1      0 4817096 126600 1518604    0    0     0  1736 1779 13159 15  7 68 10  0 2021-12-09 12:46:56
 0  0      0 4819604 126600 1518560    0    0     0   104 1142 7422  6  3 91  1  0 2021-12-09 12:46:57
 0  0      0 4820152 126600 1518560    0    0     0     4  926 6058  6  3 92  0  0 2021-12-09 12:46:58
 0  0      0 4819908 126608 1518736    0    0     0   960 1750 12217 14  5 75  6  0 2021-12-09 12:46:59
 0  0      0 4819908 126608 1518736    0    0     0     0  793 5798  5  3 92  0  0 2021-12-09 12:47:00
 1  0      0 4818648 126612 1518796    0    0     0   816 1542 11377 15  5 75  6  0 2021-12-09 12:47:01
 2  0      0 4818672 126612 1518904    0    0     0     0 1078 7377  8  4 88  0  0 2021-12-09 12:47:02
 0  1      0 4820932 126612 1515772    0    0     0    92  850 6253  4  3 93  1  0 2021-12-09 12:47:03
 0  0      0 4822208 126632 1515944    0    0     0  1296 1872 12001 12  5 77  7  0 2021-12-09 12:47:04
 0  0      0 4822692 126632 1515944    0    0     0     0 1099 7684  5  3 92  0  0 2021-12-09 12:47:05
 8  0      0 4822712 126632 1516116    0    0     0   880 1544 11900 13  7 73  8  0 2021-12-09 12:47:06
 0  0      0 4823216 126632 1516120    0    0     0     0  853 5498  5  2 94  0  0 2021-12-09 12:47:07
 0  1      0 4823468 126632 1516128    0    0     0    36  764 5631  4  2 94  0  0 2021-12-09 12:47:08
 0  0      0 4822964 126640 1516276    0    0     0  1224 1416 10992 16  5 74  6  0 2021-12-09 12:47:09
 0  0      0 4825424 126640 1516280    0    0     0     4 1016 7327  6  4 90  0  0 2021-12-09 12:47:10
 0  0      0 4823952 126640 1516380    0    0     0   848 1433 10904 15  5 74  6  0 2021-12-09 12:47:11
 0  0      0 4824988 126640 1516464    0    0     0     0  752 6072  6  2 92  0  0 2021-12-09 12:47:12
 4  1      0 4825248 126640 1516488    0    0     0   276  636 6209  5  2 91  2  0 2021-12-09 12:47:13
 0  0      0 4822932 126644 1516628    0    0     0   524 1510 10309 13  4 82  2  0 2021-12-09 12:47:14
 2  0      0 4823460 126644 1516628    0    0     0     0  954 6217  4  3 94  0  0 2021-12-09 12:47:15
procs -----------memory---------- ---swap-- -----io---- -system-- ------cpu----- -----timestamp-----
 r  b   swpd   free   buff  cache   si   so    bi    bo   in   cs us sy id wa st                 UTC
 1  0      0 4822980 126644 1516696    0    0     0   816 1717 10751 12  6 77  4  0 2021-12-09 12:47:16
 0  0      0 4823208 126644 1516804    0    0     0     0 1021 6458  4  2 95  0  0 2021-12-09 12:47:17
 0  1      0 4821956 126644 1516944    0    0     0   744 1218 10185 11  4 79  6  0 2021-12-09 12:47:18
 7  0      0 4821704 126644 1516964    0    0     0    92  963 6047  4  2 93  1  0 2021-12-09 12:47:19
 0  0      0 4821704 126644 1516976    0    0     0     0  717 5539  4  2 94  0  0 2021-12-09 12:47:20
 0  0      0 4819688 126648 1517084    0    0     0   792 1451 10766 14  5 77  4  0 2021-12-09 12:47:21
 0  0      0 4821200 126648 1517140    0    0     0     4 1103 8268  8  3 89  0  0 2021-12-09 12:47:22
 0  0      0 4820092 126648 1517140    0    0     0   776 1403 10084 10  5 79  6  0 2021-12-09 12:47:23
 0  0      0 4821200 126648 1517320    0    0     0     0 1031 6869  5  3 92  0  0 2021-12-09 12:47:24
 0  0      0 4821452 126648 1517320    0    0     0     0  817 5623  3  2 95  0  0 2021-12-09 12:47:25
 0  0      0 4821704 126652 1517484    0    0     0   784 1578 12343 14  5 76  5  0 2021-12-09 12:47:26
 0  0      0 4821704 126652 1517488    0    0     0     0  692 5315  3  2 95  0  0 2021-12-09 12:47:27
 1  0      0 4820192 126656 1517592    0    0     0   812 1334 9701 11  5 79  6  0 2021-12-09 12:47:28
 0  0      0 4820176 126656 1517676    0    0     0     0  971 6419  4  4 92  0  0 2021-12-09 12:47:29
 2  0      0 4820432 126656 1517676    0    0     0     0  993 7732  8  5 88  0  0 2021-12-09 12:47:30
 0  0      0 4817672 126660 1517828    0    0     0   736 1779 13183 10 11 76  4  0 2021-12-09 12:47:31
 0  0      0 4819436 126660 1517832    0    0     0     0 1003 6573  4  4 92  0  0 2021-12-09 12:47:32
 0  0      0 4818680 126664 1518004    0    0     0   748 1619 11492 13  6 76  5  0 2021-12-09 12:47:33
 0  0      0 4819832 126664 1518004    0    0     0     4  853 6748  6  3 91  0  0 2021-12-09 12:47:34
 1  1      0 4820444 126664 1518032    0    0     0   364  785 6323  3  2 92  3  0 2021-12-09 12:47:35
 0  0      0 4819928 126664 1518172    0    0     0   524 1649 11131 13  4 81  2  0 2021-12-09 12:47:36
procs -----------memory---------- ---swap-- -----io---- -system-- ------cpu----- -----timestamp-----
 r  b   swpd   free   buff  cache   si   so    bi    bo   in   cs us sy id wa st                 UTC
 2  0      0 4820420 126664 1518172    0    0     0     0  802 5462  4  3 94  0  0 2021-12-09 12:47:37
 0  0      0 4818640 126668 1518272    0    0     0   812 1112 10063 11  5 80  4  0 2021-12-09 12:47:38
 0  0      0 4818912 126668 1518348    0    0     0     0  786 6374  4  3 94  0  0 2021-12-09 12:47:39
 0  1      0 4818176 126676 1518500    0    0     0   608  982 9079 12  5 80  4  0 2021-12-09 12:47:40
 2  0      0 4818420 126676 1518532    0    0     0   176  888 6966  7  3 89  1  0 2021-12-09 12:47:41
 0  0      0 4819148 126676 1518532    0    0     0     0  737 5998  8  3 89  0  0 2021-12-09 12:47:42
 0  0      0 4818160 126692 1518624    0    0     0   784 1523 11978 11  4 79  6  0 2021-12-09 12:47:43
 0  0      0 4818892 126692 1518696    0    0     0     0  735 5213  4  2 95  0  0 2021-12-09 12:47:44
 0  0      0 4818932 126692 1518776    0    0     0  1164 1665 11339 10  5 80  5  0 2021-12-09 12:47:45
 0  0      0 4820168 126692 1518872    0    0     0     4 1045 7494  6  4 90  0  0 2021-12-09 12:47:46
 1  0      0 4820176 126692 1518872    0    0     0     0  928 5831  3  2 95  0  0 2021-12-09 12:47:47
 3  0      0 4817584 126696 1518936    0    0     0   800 1680 12376 11  5 78  6  0 2021-12-09 12:47:48
 3  0      0 4818160 126696 1519040    0    0     0     0  541 4952  3  3 94  0  0 2021-12-09 12:47:49
 0  0      0 4818416 126700 1519184    0    0     0   760 1226 11297 15  4 76  6  0 2021-12-09 12:47:50
 0  0      0 4818436 126700 1519224    0    0     0     0 1063 6666  6  2 92  0  0 2021-12-09 12:47:51
 0  0      0 4819420 126700 1519224    0    0     0     4 1029 7236  6  2 92  0  0 2021-12-09 12:47:52
 0  0      0 4818932 126708 1519396    0    0     0   792 1466 9996 12  5 79  5  0 2021-12-09 12:47:53
 0  0      0 4818932 126708 1519396    0    0     0     0  597 5517  6  3 90  0  0 2021-12-09 12:47:54
 1  0      0 4813388 126736 1519816    0    0     0  1864 1878 12843 12  8 67 12  0 2021-12-09 12:47:55
 0  0      0 4818176 126736 1516712    0    0     0     0 1073 6747  4  3 93  0  0 2021-12-09 12:47:56
 8  1      0 4819124 126736 1516712    0    0     0   364  816 5868  3  2 91  4  0 2021-12-09 12:47:57
procs -----------memory---------- ---swap-- -----io---- -system-- ------cpu----- -----timestamp-----
 r  b   swpd   free   buff  cache   si   so    bi    bo   in   cs us sy id wa st                 UTC
 3  0      0 4819940 126744 1516888    0    0     0   600 1485 11396 12  5 81  2  0 2021-12-09 12:47:58
 0  0      0 4820868 126744 1516888    0    0     0     0  637 5527  3  2 95  0  0 2021-12-09 12:47:59
 0  0      0 4820696 126756 1517056    0    0     0   844 1362 10381 17  4 75  4  0 2021-12-09 12:48:00
 0  0      0 4820696 126756 1517056    0    0     0     0  672 5414  4  3 93  0  0 2021-12-09 12:48:01
 8  1      0 4819436 126756 1517144    0    0     0   492 1213 9018 13  3 80  4  0 2021-12-09 12:48:02
 0  0      0 4817884 126756 1517236    0    0     0   280 1288 8329  7  4 87  2  0 2021-12-09 12:48:03
 0  0      0 4818704 126756 1517220    0    0     0     4  722 5716  3  3 94  0  0 2021-12-09 12:48:04
 0  0      0 4817192 126756 1517376    0    0     0   800 1585 11180 14  5 76  5  0 2021-12-09 12:48:05
 0  0      0 4817948 126756 1517376    0    0     0     0  822 6460  5  2 93  0  0 2021-12-09 12:48:06
 1  0      0 4816940 126764 1517484    0    0     0   796 1570 11593 12  5 78  6  0 2021-12-09 12:48:07
 0  0      0 4819712 126764 1517552    0    0     0     0  688 5334  5  2 93  0  0 2021-12-09 12:48:08
 0  0      0 4819712 126764 1517552    0    0     0     0  750 5744  3  4 93  0  0 2021-12-09 12:48:09
 0  0      0 4816436 126768 1517736    0    0     0   868 1484 11465 15  6 76  4  0 2021-12-09 12:48:10
 0  0      0 4816436 126768 1517736    0    0     0    16  564 5073  5  3 93  0  0 2021-12-09 12:48:11
 0  0      0 4816436 126768 1517896    0    0     0   780 1350 10820 11  6 79  5  0 2021-12-09 12:48:12
 1  0      0 4816940 126768 1517900    0    0     0     0  986 6852  6  1 93  0  0 2021-12-09 12:48:13
 0  0      0 4816940 126768 1517900    0    0     0     0  949 6567  5  3 92  0  0 2021-12-09 12:48:14
 0  0      0 4814168 126784 1518004    0    0     0   796 1508 10176 11  5 79  5  0 2021-12-09 12:48:15
 0  0      0 4814176 126784 1518072    0    0     0   384  567 4771  3  4 93  1  0 2021-12-09 12:48:16
 0  0      0 4811176 126788 1518216    0    0     0   844 1451 10755 14  4 75  8  0 2021-12-09 12:48:17
 0  0      0 4810948 126788 1518244    0    0     0     0  921 6871  4  5 91  0  0 2021-12-09 12:48:18
procs -----------memory---------- ---swap-- -----io---- -system-- ------cpu----- -----timestamp-----
 r  b   swpd   free   buff  cache   si   so    bi    bo   in   cs us sy id wa st                 UTC
 4  0      0 4810916 126788 1518252    0    0     0    88  845 6549  4  2 93  1  0 2021-12-09 12:48:19
 0  0      0 4808404 126800 1518420    0    0     0   724 1439 10546 15  8 73  3  0 2021-12-09 12:48:20
 0  0      0 4809420 126800 1518420    0    0     0     0  830 6147  6  2 92  0  0 2021-12-09 12:48:21
 0  0      0 4809092 126800 1518496    0    0     0   836 1307 13096 24  8 63  5  0 2021-12-09 12:48:22
 0  0      0 4809632 126800 1518576    0    0     0     0  738 5816  3  2 95  0  0 2021-12-09 12:48:23
 1  1      0 4809896 126808 1518576    0    0     0   176  698 5828  3  3 92  2  0 2021-12-09 12:48:24
 0  0      0 4808396 126808 1518768    0    0     0   596 1463 9758 13  4 80  4  0 2021-12-09 12:48:25
 0  0      0 4809404 126808 1518768    0    0     0     0 1269 8488  6  3 92  0  0 2021-12-09 12:48:26
 0  0      0 4808400 126812 1518824    0    0     0   800 1740 12706 11  6 78  5  0 2021-12-09 12:48:27
 0  0      0 4809380 126812 1518928    0    0     0     4  527 4994  4  3 94  0  0 2021-12-09 12:48:28
 5  1      0 4809412 126812 1518996    0    0     0   788 1332 9933  9  6 81  4  0 2021-12-09 12:48:29
 0  0      0 4809916 126812 1519088    0    0     0    24 1264 8658  9  5 86  0  0 2021-12-09 12:48:30
 0  0      0 4809916 126812 1519088    0    0     0     0  904 7252  5  5 90  0  0 2021-12-09 12:48:31
 0  0      0 4808152 126820 1519272    0    0     0   772 1600 11523 13  6 76  5  0 2021-12-09 12:48:32
 0  0      0 4809412 126820 1519272    0    0     0     0 1136 7162  6  2 92  0  0 2021-12-09 12:48:33
 0  0      0 4809160 126832 1519356    0    0     0   828 1789 12023 14  7 74  5  0 2021-12-09 12:48:34
 5  0      0 4809664 126832 1519440    0    0     0     0  656 4833  4  1 95  0  0 2021-12-09 12:48:35
 0  0      0 4811156 126832 1519440    0    0     0    36 1136 7494  4  3 94  0  0 2021-12-09 12:48:36
 0  0      0 4810168 126840 1519600    0    0     0   800 1514 9972 13  6 78  4  0 2021-12-09 12:48:37
 0  0      0 4810924 126840 1519612    0    0     0     0  747 5693  4  3 93  0  0 2021-12-09 12:48:38
 3  0      0 4808344 126840 1519612    0    0     0   752 1426 10471 12  5 78  5  0 2021-12-09 12:48:39
procs -----------memory---------- ---swap-- -----io---- -system-- ------cpu----- -----timestamp-----
 r  b   swpd   free   buff  cache   si   so    bi    bo   in   cs us sy id wa st                 UTC
 1  0      0 4809412 126840 1519788    0    0     0     4  873 6804  6  3 91  0  0 2021-12-09 12:48:40
 0  0      0 4809412 126840 1519788    0    0     0     0  782 6372  7  3 91  0  0 2021-12-09 12:48:41
 0  0      0 4808908 126844 1519960    0    0     0   792 1283 11859 15  5 75  6  0 2021-12-09 12:48:42
 0  0      0 4809396 126844 1519960    0    0     0     0  775 5922  2  3 95  0  0 2021-12-09 12:48:43
 0  0      0 4808908 126852 1520144    0    0     0   764 1275 9885  9  5 83  4  0 2021-12-09 12:48:44
 0  0      0 4809604 126852 1520144    0    0     0     0  720 6210  6  2 92  0  0 2021-12-09 12:48:45
 4  1      0 4809160 126860 1520180    0    0     0   468  978 9757  9  6 83  3  0 2021-12-09 12:48:46
 0  0      0 4807840 126864 1520316    0    0     0   352 1119 8633 11  4 84  2  0 2021-12-09 12:48:47
 0  0      0 4808160 126864 1520316    0    0     0     0  590 5079  4  1 95  0  0 2021-12-09 12:48:48
 0  0      0 4806872 126868 1520472    0    0     0   772 1468 11216 12  5 79  5  0 2021-12-09 12:48:49
 0  0      0 4807596 126868 1520500    0    0     0     0  596 5521  5  3 91  0  0 2021-12-09 12:48:50
 0  0      0 4808072 126868 1520640    0    0     0  1148 1453 11136 14  4 77  6  0 2021-12-09 12:48:51
 0  0      0 4808152 126868 1520664    0    0     0     4  793 6322  7  3 90  0  0 2021-12-09 12:48:52
 0  0      0 4808664 126868 1520668    0    0     0     0  738 6457  4  2 94  0  0 2021-12-09 12:48:53
 0  0      0 4805908 126884 1521052    0    0     0  1876 1821 12147 16  6 68 11  0 2021-12-09 12:48:54
 0  0      0 4809120 126884 1518088    0    0     0     0  913 6443  5  2 94  0  0 2021-12-09 12:48:55
 1  0      0 4809120 126888 1518088    0    0     0   880 1198 10241 11  4 76  8  0 2021-12-09 12:48:56
 0  0      0 4809900 126888 1518148    0    0     0     0  706 5440  5  3 93  0  0 2021-12-09 12:48:57
 0  0      0 4809900 126888 1518152    0    0     0     4  896 6628  5  2 93  0  0 2021-12-09 12:48:58
 0  0      0 4810924 126892 1518328    0    0     0   764 1752 12516 12  6 77  6  0 2021-12-09 12:48:59
 0  0      0 4810924 126892 1518328    0    0     0     0  693 5212  4  2 94  0  0 2021-12-09 12:49:00
procs -----------memory---------- ---swap-- -----io---- -system-- ------cpu----- -----timestamp-----
 r  b   swpd   free   buff  cache   si   so    bi    bo   in   cs us sy id wa st                 UTC
 1  0      0 4809140 126892 1518492    0    0     0   760 1262 10189 15  4 78  3  0 2021-12-09 12:49:01
 0  0      0 4810428 126892 1518496    0    0     0     0  831 6975  7  5 89  0  0 2021-12-09 12:49:02
 0  0      0 4810644 126892 1518496    0    0     0     0  655 5218  3  2 96  0  0 2021-12-09 12:49:03
 0  0      0 4809916 126904 1518652    0    0     0   788 1502 11500 12  5 80  4  0 2021-12-09 12:49:04
 0  0      0 4809916 126904 1518652    0    0     0     0  683 5680  3  2 95  0  0 2021-12-09 12:49:05
 0  0      0 4809412 126908 1518832    0    0     0   804 1679 12259 14  5 76  5  0 2021-12-09 12:49:06
 0  0      0 4809412 126908 1518832    0    0     0    40  620 5560  6  2 92  0  0 2021-12-09 12:49:07
 9  0      0 4810420 126908 1518868    0    0     0   432  995 7845  8  5 84  5  0 2021-12-09 12:49:08
 1  0      0 4807648 126908 1519000    0    0     0   336  850 7146  8  3 88  1  0 2021-12-09 12:49:09
 4  0      0 4808124 126908 1519004    0    0     0     0  701 5999  8  4 89  0  0 2021-12-09 12:49:10
 1  0      0 4808412 126912 1519140    0    0     0   860 1416 11863 23  6 64  6  0 2021-12-09 12:49:11
11  0      0 4809124 126912 1519180    0    0     0     0  561 5419  6  2 92  0  0 2021-12-09 12:49:12
 9  1      0 4809664 126920 1519200    0    0     0   616  988 8954  8  4 85  3  0 2021-12-09 12:49:13
 0  0      0 4810420 126924 1519348    0    0     0   168 1010 8760  9  4 87  1  0 2021-12-09 12:49:14
 0  0      0 4811600 126924 1519348    0    0     0     0  873 6440  3  3 94  0  0 2021-12-09 12:49:15
 0  0      0 4808656 126932 1519524    0    0     0   760 1383 9698 13  4 80  4  0 2021-12-09 12:49:16
 1  0      0 4808888 126932 1519524    0    0     0    20  779 6030  4  3 93  0  0 2021-12-09 12:49:17
 0  0      0 4808152 126932 1519696    0    0     0   880 1303 9673 13  5 77  5  0 2021-12-09 12:49:18
 0  0      0 4808152 126932 1519696    0    0     0     0  779 6069  4  4 93  0  0 2021-12-09 12:49:19
 0  0      0 4809544 126932 1519696    0    0     0     0  863 7024  6  3 91  0  0 2021-12-09 12:49:20
 0  0      0 4808656 126940 1519864    0    0     0   780 1504 12676 14  4 79  4  0 2021-12-09 12:49:21
procs -----------memory---------- ---swap-- -----io---- -system-- ------cpu----- -----timestamp-----
 r  b   swpd   free   buff  cache   si   so    bi    bo   in   cs us sy id wa st                 UTC
 1  0      0 4809796 126940 1519864    0    0     0    60  774 6953  8  3 90  0  0 2021-12-09 12:49:22
13  0      0 4809412 126944 1520272    0    0     0  1000 3364 30706 26 12 56  5  0 2021-12-09 12:49:23
 1  0      0 4807396 126964 1520440    0    0     0  1176 1911 13455 10  5 80  6  0 2021-12-09 12:49:24
 1  1      0 4807900 126964 1520440    0    0     0   108  915 5571  3  3 94  0  0 2021-12-09 12:49:25
 0  0      0 4807900 126972 1520612    0    0     0   784 1741 14287 16  7 70  6  0 2021-12-09 12:49:26
 0  0      0 4808344 126972 1520612    0    0     0   356 1002 6313  4  2 92  2  0 2021-12-09 12:49:27
 0  0      0 4809664 126972 1517704    0    0     0   828 1664 11482 11  6 78  5  0 2021-12-09 12:49:28
 0  0      0 4811308 126972 1517704    0    0     0     4  731 5750  2  3 95  0  0 2021-12-09 12:49:29
 0  1      0 4811932 126972 1517720    0    0     0   164  873 7182  6  6 85  4  0 2021-12-09 12:49:30
 0  0      0 4810168 126976 1517880    0    0     0   680 1482 11252 13 10 74  4  0 2021-12-09 12:49:31
 0  0      0 4810160 126976 1517880    0    0     0     0  747 5927  6  1 94  0  0 2021-12-09 12:49:32
 0  0      0 4807396 126984 1517956    0    0     0   868 1488 11800 11  4 81  4  0 2021-12-09 12:49:33
 0  0      0 4809568 126984 1518060    0    0     0     0  803 6115  6  2 91  0  0 2021-12-09 12:49:34
 2  1      0 4810208 126992 1518080    0    0     0   424  926 8151  4  4 89  4  0 2021-12-09 12:49:35
 0  0      0 4806388 126992 1518224    0    0     0   360 1093 8193  9  5 85  2  0 2021-12-09 12:49:36
 0  0      0 4806852 126992 1518224    0    0     0     0  712 5860  2  4 94  0  0 2021-12-09 12:49:37
 0  0      0 4808152 127000 1518388    0    0     0   812 1229 10404 14  6 76  4  0 2021-12-09 12:49:38
 0  0      0 4808384 127000 1518388    0    0     0     0  609 5377  3  2 95  0  0 2021-12-09 12:49:39
 0  0      0 4809160 127008 1518568    0    0     0   788 1280 10249 13  5 78  5  0 2021-12-09 12:49:40
 0  0      0 4810088 127008 1518568    0    0     0     4 1085 7119  7  3 90  0  0 2021-12-09 12:49:41
 0  0      0 4810672 127008 1518572    0    0     0     0  904 6182  7  3 91  0  0 2021-12-09 12:49:42
procs -----------memory---------- ---swap-- -----io---- -system-- ------cpu----- -----timestamp-----
 r  b   swpd   free   buff  cache   si   so    bi    bo   in   cs us sy id wa st                 UTC
 1  0      0 4807664 127012 1518568    0    0     0   776 1543 10873 12  6 78  5  0 2021-12-09 12:49:43
 0  0      0 4808152 127012 1518728    0    0     0     0  641 5173  3  3 95  0  0 2021-12-09 12:49:44
 0  0      0 4805640 127016 1518832    0    0     0   812 1317 9465 11  3 81  5  0 2021-12-09 12:49:45
 1  0      0 4805884 127016 1518908    0    0     0     0  989 6741  7  3 91  0  0 2021-12-09 12:49:46
 1  0      0 4807320 127016 1518912    0    0     0     4 1015 6252  4  3 93  0  0 2021-12-09 12:49:47
 2  0      0 4806640 127016 1519088    0    0     0   808 1580 11531 12  4 80  4  0 2021-12-09 12:49:48
 1  0      0 4808324 127016 1519088    0    0     0     0  978 6512  4  3 93  0  0 2021-12-09 12:49:49
12  1      0 4806892 127024 1519528    0    0     0  1340 2501 33963 32 13 51  5  0 2021-12-09 12:49:50
 0  0      0 4806136 127032 1519676    0    0     0   932  931 9915 10  3 82  6  0 2021-12-09 12:49:51
 0  1      0 4806136 127036 1519668    0    0     0   144  651 5511  5  3 92  1  0 2021-12-09 12:49:52
 0  0      0 4803112 127044 1520076    0    0     0  1760 2011 13620 14  6 69 11  0 2021-12-09 12:49:53
 0  0      0 4806308 127044 1517064    0    0     0     0  917 6948  7  3 91  0  0 2021-12-09 12:49:54
 0  0      0 4808404 127048 1517124    0    0     0   908 1679 12047 11  5 77  7  0 2021-12-09 12:49:55
 0  0      0 4809776 127048 1517124    0    0     0     0  837 6166  5  4 91  0  0 2021-12-09 12:49:56
 1  1      0 4810168 127048 1517156    0    0     0   272 1089 7968  8  3 88  2  0 2021-12-09 12:49:57
 0  0      0 4811656 127048 1514292    0    0     0   880 1604 10606 14  6 77  3  0 2021-12-09 12:49:58
 0  0      0 4812912 127048 1514208    0    0     0     4  767 6182  4  4 92  0  0 2021-12-09 12:49:59
 0  0      0 4814180 127052 1514288    0    0     0   888 1617 11704 13  3 75  9  0 2021-12-09 12:50:00
 0  0      0 4814704 127052 1514392    0    0     0     0  715 5294  3  3 94  0  0 2021-12-09 12:50:01
11  0      0 4814704 127052 1514392    0    0     0   528 1184 9199 11  4 81  4  0 2021-12-09 12:50:02
 0  0      0 4814452 127052 1514560    0    0     0   324 1215 9306 11  3 85  2  0 2021-12-09 12:50:03
procs -----------memory---------- ---swap-- -----io---- -system-- ------cpu----- -----timestamp-----
 r  b   swpd   free   buff  cache   si   so    bi    bo   in   cs us sy id wa st                 UTC
 1  0      0 4815440 127052 1514560    0    0     0     0  693 5774  3  2 95  0  0 2021-12-09 12:50:04
 1  0      0 4814704 127056 1514724    0    0     0   832 1336 10018 10  6 80  4  0 2021-12-09 12:50:05
 0  0      0 4813956 127056 1514724    0    0     0     0  762 5957  5  3 92  0  0 2021-12-09 12:50:06
 6  0      0 4809916 127060 1514900    0    0     0   764 1462 10837 11  5 77  8  0 2021-12-09 12:50:07
 0  0      0 4810632 127060 1514900    0    0     0    40  853 6719  5  4 91  0  0 2021-12-09 12:50:08
 1  0      0 4812184 127060 1514900    0    0     0     0  785 6191  3  2 96  0  0 2021-12-09 12:50:09
 0  0      0 4811444 127068 1515008    0    0     0   752 1489 10954 14  7 74  5  0 2021-12-09 12:50:10
 0  0      0 4812940 127068 1515068    0    0     0     4  796 6368  5  3 92  0  0 2021-12-09 12:50:11
 0  0      0 4811932 127072 1515212    0    0     0   820 1364 10440 13  6 77  4  0 2021-12-09 12:50:12
 0  0      0 4811924 127072 1515236    0    0     0     0  848 6829  4  3 94  0  0 2021-12-09 12:50:13
 1  0      0 4812648 127072 1515236    0    0     0     0  798 6631  5  3 93  0  0 2021-12-09 12:50:14
 0  0      0 4809664 127072 1515408    0    0     0   772 1436 10227 13  4 77  5  0 2021-12-09 12:50:15
 0  0      0 4810360 127072 1515408    0    0     0     0  706 5692  3  3 95  0  0 2021-12-09 12:50:16
 0  0      0 4810420 127072 1515576    0    0     0   796 1015 9816 12  5 78  5  0 2021-12-09 12:50:17
 0  0      0 4810176 127072 1515576    0    0     0     4  991 6814  3  4 93  0  0 2021-12-09 12:50:18
 1  2      0 4810168 127072 1515588    0    0     0   124  730 5730  4  2 93  1  0 2021-12-09 12:50:19
 1  0      0 4806892 127076 1515748    0    0     0   692 1521 10019 13  4 78  4  0 2021-12-09 12:50:20
 0  0      0 4809876 127076 1515748    0    0     0     0  758 5753  5  2 93  0  0 2021-12-09 12:50:21
 0  0      0 4805884 127084 1515916    0    0     0   760 1405 11905 16  5 74  4  0 2021-12-09 12:50:22
 2  0      0 4806328 127084 1515920    0    0     0     4  974 6269  2  2 96  0  0 2021-12-09 12:50:23
 2  1      0 4807648 127092 1516104    0    0     0   852 1325 9670 10  3 83  4  0 2021-12-09 12:50:24
procs -----------memory---------- ---swap-- -----io---- -system-- ------cpu----- -----timestamp-----
 r  b   swpd   free   buff  cache   si   so    bi    bo   in   cs us sy id wa st                 UTC
 1  0      0 4808844 127092 1516108    0    0     0    32 1102 7113  6  2 91  1  0 2021-12-09 12:50:25
 0  0      0 4810628 127092 1516108    0    0     0     0  924 7089  6  4 90  0  0 2021-12-09 12:50:26
 0  0      0 4809672 127092 1516204    0    0     0   820 1672 11434 12  3 80  5  0 2021-12-09 12:50:27
 0  0      0 4809924 127092 1516284    0    0     0     0  760 5724  4  3 94  0  0 2021-12-09 12:50:28
10  0      0 4804592 127096 1516436    0    0     0   808 1185 9593  9  6 78  7  0 2021-12-09 12:50:29
 1  0      0 4809664 127096 1516440    0    0     0     0 1094 7651  7  6 87  0  0 2021-12-09 12:50:30
 0  0      0 4811680 127096 1516440    0    0     0     0  898 7463  7  5 89  0  0 2021-12-09 12:50:31
 1  0      0 4811176 127100 1516536    0    0     0   712 1541 10890 11  5 79  5  0 2021-12-09 12:50:32
 2  0      0 4811428 127100 1516612    0    0     0     0  813 6055  4  2 95  0  0 2021-12-09 12:50:33
 1  0      0 4808656 127112 1516780    0    0     0  1124 1524 10522 13  4 76  6  0 2021-12-09 12:50:34
 2  0      0 4809888 127112 1516792    0    0     0     4  765 5738  4  2 94  0  0 2021-12-09 12:50:35
 0  0      0 4811660 127112 1516792    0    0     0     0  837 6003  4  3 93  0  0 2021-12-09 12:50:36
 0  0      0 4808404 127116 1516964    0    0     0   752 1285 11369 14  3 79  4  0 2021-12-09 12:50:37
 0  0      0 4809892 127116 1516968    0    0     0     0  757 6570  6  4 91  0  0 2021-12-09 12:50:38
 0  0      0 4806136 127124 1517120    0    0     0   852 1381 10688 14  5 77  5  0 2021-12-09 12:50:39
 0  0      0 4805884 127124 1517120    0    0     0     0 1061 6750  6  1 93  0  0 2021-12-09 12:50:40
 6  0      0 4807648 127124 1517164    0    0     0   312  655 6175  8  1 87  4  0 2021-12-09 12:50:41
 0  0      0 4809088 127124 1517312    0    0     0   492 1502 11958 16  6 76  2  0 2021-12-09 12:50:42
 0  0      0 4811612 127124 1517316    0    0     0     0  581 5079  4  4 92  0  0 2021-12-09 12:50:43
 0  0      0 4811688 127132 1517460    0    0     0   740 1335 10372 12  4 80  4  0 2021-12-09 12:50:44
 0  0      0 4811912 127132 1517472    0    0     0     0  781 5415  4  2 94  0  0 2021-12-09 12:50:45
procs -----------memory---------- ---swap-- -----io---- -system-- ------cpu----- -----timestamp-----
 r  b   swpd   free   buff  cache   si   so    bi    bo   in   cs us sy id wa st                 UTC
 1  1      0 4807648 127140 1517544    0    0     0   712 1303 10291 14  4 77  6  0 2021-12-09 12:50:46
 0  0      0 4807656 127140 1517640    0    0     0    56 1047 6745  5  4 91  1  0 2021-12-09 12:50:47
 0  0      0 4808632 127140 1517640    0    0     0     0  786 6013  3  3 94  0  0 2021-12-09 12:50:48
 1  0      0 4807648 127160 1517776    0    0     0   800 1597 11206 13  5 77  5  0 2021-12-09 12:50:49
 1  0      0 4807868 127160 1517816    0    0     0     0  736 5822  5  2 93  0  0 2021-12-09 12:50:50
 0  1      0 4807384 127164 1518188    0    0     0  1596 1976 13565 16  6 70  8  0 2021-12-09 12:50:51
 0  0      0 4807648 127164 1518228    0    0     0   288  753 6075  7  3 87  3  0 2021-12-09 12:50:52
 0  0      0 4810336 127164 1515328    0    0     0     4  900 7028  7  3 91  0  0 2021-12-09 12:50:53
 0  0      0 4810168 127168 1515280    0    0     0   916  982 10338 15  5 72  9  0 2021-12-09 12:50:54
 0  0      0 4809932 127168 1515280    0    0     0     0  717 5616  4  3 94  0  0 2021-12-09 12:50:55
 2  0      0 4805884 127180 1515456    0    0     0   808 1178 10281 12  5 79  5  0 2021-12-09 12:50:56
 0  0      0 4806348 127180 1515464    0    0     0     0  964 6417  5  2 93  0  0 2021-12-09 12:50:57
 0  0      0 4807648 127180 1515464    0    0     0     0  762 5601  6  2 92  0  0 2021-12-09 12:50:58
 0  0      0 4804352 127188 1515476    0    0     0   764 1504 11942 12  4 80  4  0 2021-12-09 12:50:59
 3  0      0 4805884 127188 1515648    0    0     0     0  922 7247  4  2 94  0  0 2021-12-09 12:51:00
 1  0      0 4807144 127188 1515648    0    0     0   796 1379 10769 13  5 78  4  0 2021-12-09 12:51:01
 0  0      0 4806640 127188 1515812    0    0     0     0  726 6075  6  3 91  0  0 2021-12-09 12:51:02
 3  1      0 4806640 127188 1515812    0    0     0   368  967 7083  6  3 88  4  0 2021-12-09 12:51:03
 0  0      0 4805128 127188 1515972    0    0     0   460 1215 9350  9  6 84  2  0 2021-12-09 12:51:04
 0  0      0 4806348 127188 1515972    0    0     0   376  715 5513  3  2 95  1  0 2021-12-09 12:51:05
 0  0      0 4802104 127192 1516156    0    0     0   852 1490 11804 16  5 74  6  0 2021-12-09 12:51:06
procs -----------memory---------- ---swap-- -----io---- -system-- ------cpu----- -----timestamp-----
 r  b   swpd   free   buff  cache   si   so    bi    bo   in   cs us sy id wa st                 UTC
 1  0      0 4802588 127192 1516156    0    0     0     0  715 5714  3  2 95  0  0 2021-12-09 12:51:07
18  1      0 4801600 127192 1516308    0    0     0   784 1047 9921 11  6 79  4  0 2021-12-09 12:51:08
 0  0      0 4802528 127192 1516312    0    0     0    24  852 6930  5  2 92  1  0 2021-12-09 12:51:09
 0  0      0 4803868 127192 1516312    0    0     0    40  798 6023  5  2 92  0  0 2021-12-09 12:51:10
 0  0      0 4800560 127208 1516296    0    0     0   780 1278 10394 17  7 72  5  0 2021-12-09 12:51:11
 0  0      0 4806892 127208 1516492    0    0     0     0  474 4835  4  2 95  0  0 2021-12-09 12:51:12
 0  0      0 4805380 127216 1516660    0    0     0   728 1321 11563 13  6 76  6  0 2021-12-09 12:51:13
 0  0      0 4805120 127216 1516660    0    0     0     0  729 6582  6  4 91  0  0 2021-12-09 12:51:14
 0  0      0 4807144 127216 1516660    0    0     0     0 1068 6803  3  3 94  0  0 2021-12-09 12:51:15
 0  0      0 4808404 127220 1516840    0    0     0   832 1548 10004 13  3 80  4  0 2021-12-09 12:51:16
 0  0      0 4809176 127220 1516840    0    0     0     4  925 5844  3  2 95  0  0 2021-12-09 12:51:17
 5  0      0 4806640 127232 1516996    0    0     0   808 1671 11826 14  5 77  4  0 2021-12-09 12:51:18
 0  0      0 4806932 127232 1517000    0    0     0     0  970 6256  4  2 94  0  0 2021-12-09 12:51:19
 0  0      0 4808404 127232 1517000    0    0     0     8  672 5103  4  3 93  0  0 2021-12-09 12:51:20
 0  0      0 4806892 127240 1517168    0    0     0   792 1731 12772 13  5 78  5  0 2021-12-09 12:51:21
 0  0      0 4808392 127240 1517168    0    0     0     0  904 7006  5  2 93  0  0 2021-12-09 12:51:22
 0  0      0 4807648 127248 1517344    0    0     0   772 1400 11302 15  5 73  7  0 2021-12-09 12:51:23
 0  0      0 4807628 127248 1517344    0    0     0     0  572 5402  7  3 90  0  0 2021-12-09 12:51:24
 5  1      0 4809160 127252 1517368    0    0     0   308  857 7258  7  3 87  4  0 2021-12-09 12:51:25
 0  0      0 4808932 127260 1517504    0    0     0   528 1823 12580 21  5 72  3  0 2021-12-09 12:51:26
 0  0      0 4808892 127260 1517508    0    0     0     0 1015 6473  2  3 95  0  0 2021-12-09 12:51:27
procs -----------memory---------- ---swap-- -----io---- -system-- ------cpu----- -----timestamp-----
 r  b   swpd   free   buff  cache   si   so    bi    bo   in   cs us sy id wa st                 UTC
 3  0      0 4808636 127264 1517672    0    0     0   808 1499 12752 12  7 77  4  0 2021-12-09 12:51:28
 0  0      0 4809916 127264 1517696    0    0     0     4  744 5390  2  2 96  0  0 2021-12-09 12:51:29
 4  1      0 4808144 127268 1517692    0    0     0   600 1291 10533 10  8 79  3  0 2021-12-09 12:51:30
 1  0      0 4805380 127268 1517872    0    0     0   324 1212 9312 10  7 82  1  0 2021-12-09 12:51:31
 0  0      0 4806308 127268 1517872    0    0     0     0  672 5142  4  3 93  0  0 2021-12-09 12:51:32
 0  0      0 4805632 127268 1518060    0    0     0   796 1517 10794 15  4 77  5  0 2021-12-09 12:51:33
 0  0      0 4804576 127268 1518064    0    0     0     0  886 5906  4  4 92  0  0 2021-12-09 12:51:34
 0  0      0 4802860 127276 1518220    0    0     0   788 1635 11401  9  7 77  7  0 2021-12-09 12:51:35
 0  0      0 4803556 127276 1518220    0    0     0     0  965 6730  5  2 93  0  0 2021-12-09 12:51:36
 0  0      0 4805884 127276 1518224    0    0     0     0  907 6319  4  3 93  0  0 2021-12-09 12:51:37
 0  0      0 4805112 127284 1518216    0    0     0   760 1591 10405 15  4 78  4  0 2021-12-09 12:51:38
 0  0      0 4806136 127284 1518384    0    0     0     0  905 5732  3  3 94  0  0 2021-12-09 12:51:39
 0  0      0 4804120 127288 1518472    0    0     0  1152 1161 9938 12  4 80  4  0 2021-12-09 12:51:40
 0  0      0 4807648 127288 1518572    0    0     0     4  816 6394  6  3 92  0  0 2021-12-09 12:51:41
 0  0      0 4808596 127288 1518572    0    0     0     0  744 6082  6  3 92  0  0 2021-12-09 12:51:42
 0  0      0 4804624 127288 1518732    0    0     0   784 1374 10554 11  6 77  6  0 2021-12-09 12:51:43
 0  0      0 4804624 127288 1518732    0    0     0     0  672 5935  4  3 93  0  0 2021-12-09 12:51:44
 1  0      0 4803364 127292 1518908    0    0     0   772 1458 10627 10  4 79  7  0 2021-12-09 12:51:45
 0  0      0 4803576 127292 1518908    0    0     0     0  805 6408  6  3 91  0  0 2021-12-09 12:51:46
 4  0      0 4804388 127292 1518900    0    0     0     4  717 5202  2  2 96  0  0 2021-12-09 12:51:47
 0  0      0 4802364 127300 1518916    0    0     0   784 1223 10074 11  6 76  8  0 2021-12-09 12:51:48
procs -----------memory---------- ---swap-- -----io---- -system-- ------cpu----- -----timestamp-----
 r  b   swpd   free   buff  cache   si   so    bi    bo   in   cs us sy id wa st                 UTC
 2  0      0 4801860 127300 1519068    0    0     0     0  573 4968  3  2 95  0  0 2021-12-09 12:51:49
 0  0      0 4801104 127300 1519472    0    0     0  1972 1873 12761 18  6 63 13  0 2021-12-09 12:51:50
 0  0      0 4801780 127300 1518556    0    0     0     8  948 6357  4  2 94  0  0 2021-12-09 12:51:51
 0  1      0 4805812 127300 1516364    0    0     0   116  950 7579  6  3 90  2  0 2021-12-09 12:51:52
 0  0      0 4802616 127304 1516532    0    0     0   800 1276 11072 14  7 73  6  0 2021-12-09 12:51:53
 0  0      0 4803080 127304 1516532    0    0     0     0  758 5894  4  3 94  0  0 2021-12-09 12:51:54
 0  0      0 4801356 127304 1516708    0    0     0   788 1303 10545 10  4 77  9  0 2021-12-09 12:51:55
 0  0      0 4801356 127304 1516708    0    0     0     0  828 5927  5  3 93  0  0 2021-12-09 12:51:56
 2  0      0 4802868 127304 1516712    0    0     0     0  747 5347  3  3 94  0  0 2021-12-09 12:51:57
 0  0      0 4803856 127304 1516816    0    0     0   836 1753 13083 16  7 72  6  0 2021-12-09 12:51:58
 0  0      0 4806900 127304 1516900    0    0     0     4  878 6334  3  3 94  0  0 2021-12-09 12:51:59
 0  0      0 4805360 127308 1516896    0    0     0   780 1719 12164 13  4 78  5  0 2021-12-09 12:52:00
 0  0      0 4806144 127308 1517052    0    0     0     4  803 5476  4  3 94  0  0 2021-12-09 12:52:01
 1  1      0 4806840 127308 1517052    0    0     0   264  941 7091  9  4 86  2  0 2021-12-09 12:52:02
 3  0      0 4806900 127312 1517240    0    0     0   580 1549 9866 14  5 78  4  0 2021-12-09 12:52:03
 0  0      0 4808344 127312 1517240    0    0     0     0  925 6526  4  2 94  0  0 2021-12-09 12:52:04
 0  0      0 4805388 127324 1517408    0    0     0   772 1416 12183 13  6 77  4  0 2021-12-09 12:52:05
 0  0      0 4807032 127324 1517408    0    0     0     0  805 6540  6  2 92  0  0 2021-12-09 12:52:06
 8  1      0 4808916 127328 1517456    0    0     0   448  980 7783  6  5 84  5  0 2021-12-09 12:52:07
 0  0      0 4807404 127328 1517584    0    0     0   344 1416 9341 10  6 83  2  0 2021-12-09 12:52:08
 0  0      0 4809436 127328 1517584    0    0     0     0  845 6559  4  2 94  0  0 2021-12-09 12:52:09
procs -----------memory---------- ---swap-- -----io---- -system-- ------cpu----- -----timestamp-----
 r  b   swpd   free   buff  cache   si   so    bi    bo   in   cs us sy id wa st                 UTC
 6  0      0 4807176 127336 1517744    0    0     0   764 1462 11387 18  7 69  7  0 2021-12-09 12:52:10
 0  0      0 4807600 127336 1517756    0    0     0   108  871 6223  4  3 93  0  0 2021-12-09 12:52:11
 0  1      0 4809108 127336 1517756    0    0     0   372 1070 8599  8  6 82  4  0 2021-12-09 12:52:12
 0  0      0 4808664 127340 1517924    0    0     0   416 1238 9157 12  4 79  4  0 2021-12-09 12:52:13
 0  0      0 4808924 127340 1517924    0    0     0     0  805 6074  5  3 93  0  0 2021-12-09 12:52:14
 1  0      0 4809168 127352 1518100    0    0     0   844 1425 10407 14  6 74  7  0 2021-12-09 12:52:15
 0  0      0 4809168 127352 1518100    0    0     0   344  785 6187  4  3 93  1  0 2021-12-09 12:52:16
 0  1      0 4808916 127360 1518132    0    0     0   440 1024 8853  7  3 85  5  0 2021-12-09 12:52:17
 0  0      0 4807940 127364 1518268    0    0     0   372 1361 9539 13  5 82  1  0 2021-12-09 12:52:18
 0  0      0 4808400 127364 1518268    0    0     0     0  989 6615  4  3 94  0  0 2021-12-09 12:52:19
 0  0      0 4807908 127368 1518428    0    0     0   852 1578 11867 14  6 75  5  0 2021-12-09 12:52:20
 0  0      0 4807908 127368 1518452    0    0     0     0  930 6224  5  2 93  0  0 2021-12-09 12:52:21
 0  0      0 4805640 127368 1518612    0    0     0   740 1466 11836 18  5 73  5  0 2021-12-09 12:52:22
 5  0      0 4806084 127368 1518612    0    0     0     4  878 5863  5  2 93  0  0 2021-12-09 12:52:23
 0  0      0 4806144 127368 1518612    0    0     0     0  320 3769  2  1 98  0  0 2021-12-09 12:52:24
 4  0      0 4806124 127372 1518684    0    0     0   820 1475 11203 14  6 73  7  0 2021-12-09 12:52:25
 0  0      0 4806144 127372 1518796    0    0     0     8 1022 7283  7  3 90  0  0 2021-12-09 12:52:26
 0  0      0 4805892 127380 1518952    0    0     0   828 1565 11402 11  4 79  6  0 2021-12-09 12:52:27
 0  0      0 4806648 127380 1518952    0    0     0     0  826 6285  6  2 92  0  0 2021-12-09 12:52:28
 0  0      0 4807124 127380 1518952    0    0     0     4  747 5459  3  3 94  0  0 2021-12-09 12:52:29
 1  0      0 4807656 127384 1519124    0    0     0   804 1814 14566 14 10 71  4  0 2021-12-09 12:52:30
procs -----------memory---------- ---swap-- -----io---- -system-- ------cpu----- -----timestamp-----
 r  b   swpd   free   buff  cache   si   so    bi    bo   in   cs us sy id wa st                 UTC
 1  0      0 4808152 127384 1519124    0    0     0     0  760 5947  3  4 93  0  0 2021-12-09 12:52:31
 5  0      0 4804632 127384 1519264    0    0     0   776 1430 10576 12  8 75  6  0 2021-12-09 12:52:32
 0  0      0 4805316 127384 1519304    0    0     0     0  853 6651  7  1 92  0  0 2021-12-09 12:52:33
 0  0      0 4806088 127384 1519304    0    0     0     0 1070 7442  5  3 92  0  0 2021-12-09 12:52:34
 3  0      0 4799844 127384 1519456    0    0     0   800 1363 10216 15  5 76  4  0 2021-12-09 12:52:35
 0  0      0 4799844 127384 1519464    0    0     0     0  694 5048  3  1 96  0  0 2021-12-09 12:52:36
 0  0      0 4798332 127396 1519540    0    0     0   816 1451 10459 13  7 75  6  0 2021-12-09 12:52:37
 0  0      0 4798828 127396 1519644    0    0     0     0  929 6783  6  3 91  0  0 2021-12-09 12:52:38
 5  1      0 4799072 127396 1519660    0    0     0   296 1042 7897  5  5 87  3  0 2021-12-09 12:52:39
 0  0      0 4799844 127400 1519820    0    0     0   500 1293 9028  9  4 84  3  0 2021-12-09 12:52:40
 0  0      0 4801276 127400 1519820    0    0     0     4  717 5862  4  5 90  0  0 2021-12-09 12:52:41
 0  0      0 4797040 127400 1519988    0    0     0   912 1283 11708 15  5 74  6  0 2021-12-09 12:52:42
 0  0      0 4797736 127400 1519988    0    0     0     0  567 4920  3  3 95  0  0 2021-12-09 12:52:43
 0  0      0 4797040 127400 1520160    0    0     0   788 1136 10343 12  6 77  6  0 2021-12-09 12:52:44
 0  0      0 4794260 127400 1520160    0    0     0     0  964 6222  5  2 93  0  0 2021-12-09 12:52:45
 0  0      0 4794268 127400 1520164    0    0     0     0  973 7206  4  4 92  0  0 2021-12-09 12:52:46
 0  0      0 4788724 127400 1520168    0    0     0   860 1248 11014 12  6 73  9  0 2021-12-09 12:52:47
 0  0      0 4789228 127400 1520336    0    0     0     0  668 6072  4  2 93  0  0 2021-12-09 12:52:48
 0  2      0 4790972 127404 1520672    0    0     0  1220 1535 12758 12  7 74  8  0 2021-12-09 12:52:49
 0  0      0 4794772 127408 1517636    0    0     0   684 1109 8112  9  4 81  6  0 2021-12-09 12:52:50
 0  0      0 4796480 127408 1517640    0    0     0     0 1031 7024  3  3 94  0  0 2021-12-09 12:52:51
procs -----------memory---------- ---swap-- -----io---- -system-- ------cpu----- -----timestamp-----
 r  b   swpd   free   buff  cache   si   so    bi    bo   in   cs us sy id wa st                 UTC
 1  0      0 4795024 127408 1517684    0    0     0  1180 1725 11872 12  5 73 10  0 2021-12-09 12:52:52
 0  0      0 4795796 127408 1517796    0    0     0     4  778 5534  4  3 93  0  0 2021-12-09 12:52:53
 0  0      0 4793764 127416 1517892    0    0     0   916 1372 11442 17  5 73  5  0 2021-12-09 12:52:54
 0  0      0 4795972 127416 1517984    0    0     0     0  762 5949  4  3 93  0  0 2021-12-09 12:52:55
 0  0      0 4796584 127416 1517984    0    0     0     0  682 5709  4  2 94  0  0 2021-12-09 12:52:56
 0  0      0 4796268 127424 1518100    0    0     0   796 1592 10158 12  4 80  5  0 2021-12-09 12:52:57
 0  0      0 4797212 127424 1518148    0    0     0     0  834 6728  6  3 91  0  0 2021-12-09 12:52:58
 0  0      0 4795528 127436 1518324    0    0     0   852 1523 10567 12  5 78  6  0 2021-12-09 12:52:59
 0  0      0 4795508 127436 1518324    0    0     0     0  612 5139  4  2 94  0  0 2021-12-09 12:53:00
15  1      0 4795528 127440 1518320    0    0     0   140  834 5884  4  2 94  0  0 2021-12-09 12:53:01
 0  0      0 4793260 127448 1518440    0    0     0   692 1416 10922 16  5 76  4  0 2021-12-09 12:53:02
 0  0      0 4793260 127448 1518496    0    0     0     0  904 5457  4  2 94  0  0 2021-12-09 12:53:03
 0  0      0 4793224 127452 1518652    0    0     0   796 1470 11082 13  5 78  5  0 2021-12-09 12:53:04
 1  0      0 4794016 127452 1518652    0    0     0     4 1023 6537  5  2 92  0  0 2021-12-09 12:53:05
 9  1      0 4795276 127460 1518692    0    0     0   664 1412 10542 12  4 81  4  0 2021-12-09 12:53:06
 0  0      0 4795268 127460 1518824    0    0     0   192  717 6038  6  2 91  1  0 2021-12-09 12:53:07
 0  0      0 4795528 127460 1518828    0    0     0     0  657 5625  4  2 94  0  0 2021-12-09 12:53:08
 0  0      0 4794772 127460 1518932    0    0     0   816 1662 12446 16  3 77  4  0 2021-12-09 12:53:09
 0  0      0 4794528 127460 1519012    0    0     0     0  774 5994  5  2 94  0  0 2021-12-09 12:53:10
 0  0      0 4793008 127464 1519152    0    0     0   784 1310 9429 14  3 78  5  0 2021-12-09 12:53:11
 0  0      0 4794268 127464 1519196    0    0     0     0  695 5724  6  2 93  0  0 2021-12-09 12:53:12
procs -----------memory---------- ---swap-- -----io---- -system-- ------cpu----- -----timestamp-----
 r  b   swpd   free   buff  cache   si   so    bi    bo   in   cs us sy id wa st                 UTC
 1  0      0 4794780 127464 1519196    0    0     0    40  724 5811  5  3 92  0  0 2021-12-09 12:53:13
 1  0      0 4793008 127464 1519344    0    0     0   764 1078 10716 13  6 77  5  0 2021-12-09 12:53:14
 0  0      0 4795024 127464 1519352    0    0     0     0  774 5526  2  2 96  0  0 2021-12-09 12:53:15
 0  0      0 4792732 127464 1519352    0    0     0   784 1587 11640 13  6 75  5  0 2021-12-09 12:53:16
 0  0      0 4792504 127464 1519528    0    0     0     4  699 5422  4  3 94  0  0 2021-12-09 12:53:17
 0  1      0 4793188 127464 1519528    0    0     0   304  781 6561  5  3 90  2  0 2021-12-09 12:53:18
 0  0      0 4791244 127472 1519700    0    0     0   564 1670 11773 10  5 82  3  0 2021-12-09 12:53:19
 0  0      0 4792404 127472 1519700    0    0     0     0  787 5424  3  2 95  0  0 2021-12-09 12:53:20
 0  0      0 4790740 127472 1519864    0    0     0   784 1458 10826 11  4 81  4  0 2021-12-09 12:53:21
 0  0      0 4791436 127472 1519864    0    0     0     0  841 6119  8  2 91  0  0 2021-12-09 12:53:22
 6  1      0 4793764 127472 1520040    0    0     0   824 1214 10385 11  5 79  5  0 2021-12-09 12:53:23
 0  0      0 4793724 127472 1520040    0    0     0    28 1033 7298  5  4 91  1  0 2021-12-09 12:53:24
 0  0      0 4793764 127472 1520044    0    0     0     0  678 5853  3  4 93  0  0 2021-12-09 12:53:25
 0  0      0 4791740 127480 1520152    0    0     0   760 1505 11498 13  6 77  4  0 2021-12-09 12:53:26
 0  0      0 4792252 127480 1520208    0    0     0     0  902 5539  2  2 96  0  0 2021-12-09 12:53:27
 0  0      0 4791496 127480 1520208    0    0     0  1132 1300 11003 10  7 78  6  0 2021-12-09 12:53:28
 0  0      0 4791748 127480 1520384    0    0     0     4  876 6372  5  2 94  0  0 2021-12-09 12:53:29
 0  0      0 4791980 127480 1520384    0    0     0     0 1248 8903  6  7 87  0  0 2021-12-09 12:53:30
 0  0      0 4789984 127484 1520552    0    0     0   804 1775 12513 13  6 76  5  0 2021-12-09 12:53:31
 0  0      0 4790720 127484 1520552    0    0     0     0  992 6710  5  3 92  0  0 2021-12-09 12:53:32
 0  0      0 4790992 127488 1520728    0    0     0   784 1377 9680 13  5 78  5  0 2021-12-09 12:53:33
procs -----------memory---------- ---swap-- -----io---- -system-- ------cpu----- -----timestamp-----
 r  b   swpd   free   buff  cache   si   so    bi    bo   in   cs us sy id wa st                 UTC
 1  0      0 4790740 127488 1520728    0    0     0     0  690 6106  7  3 90  0  0 2021-12-09 12:53:34
 0  1      0 4791244 127492 1520744    0    0     0   144 1054 7681  6  3 90  1  0 2021-12-09 12:53:35
 0  0      0 4790740 127504 1520848    0    0     0   660 1405 10034 12  4 81  4  0 2021-12-09 12:53:36
 1  0      0 4790948 127504 1520908    0    0     0     0  679 5415  4  1 95  0  0 2021-12-09 12:53:37
 1  0      0 4789732 127504 1521012    0    0     0   752 1577 11314 16  6 74  4  0 2021-12-09 12:53:38
 1  0      0 4790184 127504 1521064    0    0     0     0  924 6607  2  2 96  0  0 2021-12-09 12:53:39
 7  1      0 4792496 127504 1521088    0    0     0   484  728 8708  7  7 84  3  0 2021-12-09 12:53:40
 5  0      0 4865460 127504 1521240    0    0     0   336 4534 21624 26 13 60  1  0 2021-12-09 12:53:41
 0  0      0 4866864 127504 1521240    0    0     0     0  735 5445  7  3 90  0  0 2021-12-09 12:53:42
 0  0      0 4866964 127504 1521244    0    0     0    36  778 5712  6  3 91  0  0 2021-12-09 12:53:43
 0  0      0 4866712 127504 1521244    0    0     0     0  635 5615  3  4 93  0  0 2021-12-09 12:53:44
 0  0      0 4867720 127504 1521244    0    0     0     0  929 7082  4  3 94  0  0 2021-12-09 12:53:45
 0  0      0 4867720 127504 1521244    0    0     0     0  757 6034  6  3 91  0  0 2021-12-09 12:53:46
 0  0      0 4867468 127504 1521244    0    0     0     4  702 5344  3  2 96  0  0 2021-12-09 12:53:47
 0  0      0 4866972 127504 1521244    0    0     0     0  541 4695  4  2 94  0  0 2021-12-09 12:53:48
 0  0      0 4866964 127504 1521248    0    0     0     0  849 7123  4  2 94  0  0 2021-12-09 12:53:49
 0  0      0 4866964 127504 1521248    0    0     0     0  708 5662  4  4 92  0  0 2021-12-09 12:53:50
 0  0      0 4866964 127504 1521252    0    0     0     0  669 5516  4  2 94  0  0 2021-12-09 12:53:51
 0  0      0 4866964 127504 1521252    0    0     0     0  956 6805  5  3 93  0  0 2021-12-09 12:53:52
 0  0      0 4866964 127504 1521252    0    0     0    56  730 5263  5  2 93  0  0 2021-12-09 12:53:53
 0  0      0 4866452 127504 1521252    0    0     0     0  652 6264  3  4 93  0  0 2021-12-09 12:53:54
procs -----------memory---------- ---swap-- -----io---- -system-- ------cpu----- -----timestamp-----
 r  b   swpd   free   buff  cache   si   so    bi    bo   in   cs us sy id wa st                 UTC
 1  0      0 4866460 127504 1521252    0    0     0     0  794 6125  4  3 93  0  0 2021-12-09 12:53:55
 0  0      0 4866924 127504 1521252    0    0     0     0  755 6347  3  3 94  0  0 2021-12-09 12:53:56
 0  0      0 4866964 127504 1521256    0    0     0     0  506 5024  3  2 95  0  0 2021-12-09 12:53:57
 0  0      0 4866964 127504 1521256    0    0     0     0  846 7125  4  3 93  0  0 2021-12-09 12:53:58
 5  0      0 4866964 127504 1521264    0    0     0   184  774 5408  2  2 96  0  0 2021-12-09 12:53:59
 0  0      0 4866964 127504 1521264    0    0     0     0  479 4737  4  3 93  0  0 2021-12-09 12:54:00
 0  0      0 4866712 127504 1521264    0    0     0     0  798 6008  7  2 91  0  0 2021-12-09 12:54:01
 0  0      0 4866712 127504 1521264    0    0     0     0 1011 7710 10  2 88  0  0 2021-12-09 12:54:02
 0  0      0 4866712 127504 1521268    0    0     0     0  614 5352  3  1 96  0  0 2021-12-09 12:54:03
 0  0      0 4866476 127504 1521268    0    0     0     0  585 5074  2  2 96  0  0 2021-12-09 12:54:04
 0  0      0 4866460 127504 1521272    0    0     0     4  886 6917  5  4 92  0  0 2021-12-09 12:54:05
 0  0      0 4866460 127504 1521272    0    0     0     0  542 5170  5  2 93  0  0 2021-12-09 12:54:06
 0  0      0 4866460 127504 1521272    0    0     0     0  718 6010  5  2 93  0  0 2021-12-09 12:54:07
 0  0      0 4867176 127504 1521272    0    0     0     0  606 5036  2  3 94  0  0 2021-12-09 12:54:08
 0  0      0 4867216 127504 1521276    0    0     0     8  760 6209  3  2 95  0  0 2021-12-09 12:54:09
 0  0      0 4867216 127504 1521276    0    0     0     0  531 5363  5  2 92  0  0 2021-12-09 12:54:10
 0  0      0 4866712 127504 1521280    0    0     0   112  735 6159  5  3 92  1  0 2021-12-09 12:54:11
 0  0      0 4866460 127504 1521280    0    0     0     0  541 5061  4  2 95  0  0 2021-12-09 12:54:12
 0  0      0 4866460 127504 1521284    0    0     0     0  799 6654  4  2 94  0  0 2021-12-09 12:54:13
 1  0      0 4866460 127504 1521284    0    0     0    40  573 6028  5  3 93  0  0 2021-12-09 12:54:14
 1  0      0 4866964 127504 1521284    0    0     0     0  653 5149  3  3 94  0  0 2021-12-09 12:54:15
procs -----------memory---------- ---swap-- -----io---- -system-- ------cpu----- -----timestamp-----
 r  b   swpd   free   buff  cache   si   so    bi    bo   in   cs us sy id wa st                 UTC
 1  0      0 4866964 127504 1521284    0    0     0     0  774 6109  3  2 96  0  0 2021-12-09 12:54:16
 0  0      0 4866964 127504 1521288    0    0     0     4  615 5568  3  2 95  0  0 2021-12-09 12:54:17
 0  0      0 4866720 127504 1521288    0    0     0     0  832 6724  6  4 90  0  0 2021-12-09 12:54:18
 1  0      0 4866712 127504 1521288    0    0     0     0  580 5232  3  3 94  0  0 2021-12-09 12:54:19
 1  0      0 4866712 127504 1521288    0    0     0     0  555 5166  2  2 96  0  0 2021-12-09 12:54:20
 0  0      0 4866460 127504 1521292    0    0     0     0  731 5849  5  2 93  0  0 2021-12-09 12:54:21
 0  0      0 4866476 127504 1521292    0    0     0     0  726 6412  5  4 90  0  0 2021-12-09 12:54:22
 4  0      0 4866460 127504 1521292    0    0     0     0  658 5379  4  2 94  0  0 2021-12-09 12:54:23
 0  0      0 4866460 127504 1521296    0    0     0     4  617 5693  4  3 93  0  0 2021-12-09 12:54:24
 0  0      0 4866460 127504 1521296    0    0     0     0  604 5057  5  3 93  0  0 2021-12-09 12:54:25
 0  0      0 4866460 127504 1521296    0    0     0     0  767 5813  6  3 91  0  0 2021-12-09 12:54:26
 0  0      0 4866468 127504 1521296    0    0     0     0  561 5174  4  2 94  0  0 2021-12-09 12:54:27
 0  0      0 4866192 127504 1521296    0    0     0     0  825 6264  4  3 94  0  0 2021-12-09 12:54:28
 0  0      0 4866232 127504 1521296    0    0     0     0  974 6749  2  3 95  0  0 2021-12-09 12:54:29
 1  0      0 4866208 127504 1521300    0    0     0     4  834 7421  4  7 88  0  0 2021-12-09 12:54:30
 0  0      0 4866452 127504 1521300    0    0     0     0 1148 8607  5  4 92  0  0 2021-12-09 12:54:31
 1  0      0 4866476 127504 1521300    0    0     0     0  651 5543  4  3 94  0  0 2021-12-09 12:54:32
 0  0      0 4866468 127504 1521304    0    0     0     0  580 4978  4  1 95  0  0 2021-12-09 12:54:33
 0  0      0 4866444 127504 1521304    0    0     0     4  618 5403  3  3 93  0  0 2021-12-09 12:54:34
 1  0      0 4865696 127504 1521304    0    0     0     0  964 6826  4  4 93  0  0 2021-12-09 12:54:35
 3  0      0 4865688 127504 1521304    0    0     0     4  699 5320  3  2 95  0  0 2021-12-09 12:54:36
procs -----------memory---------- ---swap-- -----io---- -system-- ------cpu----- -----timestamp-----
 r  b   swpd   free   buff  cache   si   so    bi    bo   in   cs us sy id wa st                 UTC
 1  0      0 4866632 127504 1521308    0    0     0     0 1028 8528  6  5 89  0  0 2021-12-09 12:54:37
 0  0      0 4866444 127504 1521308    0    0     0     0  710 5654  5  2 94  0  0 2021-12-09 12:54:38
 0  0      0 4885624 127504 1521312    0    0     0     0  645 5114  3  3 95  0  0 2021-12-09 12:54:39
 6  0      0 4885732 127504 1521312    0    0     0     4  391 4159  3  2 95  0  0 2021-12-09 12:54:40
 0  0      0 4885724 127504 1521316    0    0     0    48  356 4132  4  3 93  1  0 2021-12-09 12:54:41
 0  0      0 4885968 127504 1521316    0    0     0     4  469 4826  6  4 90  0  0 2021-12-09 12:54:42
 0  0      0 4886208 127504 1521316    0    0     0     0  511 4344  3  1 96  0  0 2021-12-09 12:54:43
 0  0      0 4886236 127504 1521316    0    0     0     0  661 5276  4  1 95  0  0 2021-12-09 12:54:44
